<Qucs Dataset 1.0.7>
<indep frequency 300>
  +4.40000000000000000000e+09
  +4.40401337792642116547e+09
  +4.40802675585284328461e+09
  +4.41204013377926445007e+09
  +4.41605351170568561554e+09
  +4.42006688963210678101e+09
  +4.42408026755852890015e+09
  +4.42809364548495006561e+09
  +4.43210702341137123108e+09
  +4.43612040133779239655e+09
  +4.44013377926421451569e+09
  +4.44414715719063568115e+09
  +4.44816053511705684662e+09
  +4.45217391304347801208e+09
  +4.45618729096990013123e+09
  +4.46020066889632129669e+09
  +4.46421404682274246216e+09
  +4.46822742474916362762e+09
  +4.47224080267558574677e+09
  +4.47625418060200691223e+09
  +4.48026755852842807770e+09
  +4.48428093645484924316e+09
  +4.48829431438127136230e+09
  +4.49230769230769252777e+09
  +4.49632107023411369324e+09
  +4.50033444816053485870e+09
  +4.50434782608695697784e+09
  +4.50836120401337814331e+09
  +4.51237458193979930878e+09
  +4.51638795986622047424e+09
  +4.52040133779264259338e+09
  +4.52441471571906375885e+09
  +4.52842809364548492432e+09
  +4.53244147157190608978e+09
  +4.53645484949832820892e+09
  +4.54046822742474937439e+09
  +4.54448160535117053986e+09
  +4.54849498327759170532e+09
  +4.55250836120401382446e+09
  +4.55652173913043498993e+09
  +4.56053511705685615540e+09
  +4.56454849498327732086e+09
  +4.56856187290969944000e+09
  +4.57257525083612060547e+09
  +4.57658862876254177094e+09
  +4.58060200668896293640e+09
  +4.58461538461538505554e+09
  +4.58862876254180622101e+09
  +4.59264214046822738647e+09
  +4.59665551839464855194e+09
  +4.60066889632107067108e+09
  +4.60468227424749183655e+09
  +4.60869565217391300201e+09
  +4.61270903010033416748e+09
  +4.61672240802675628662e+09
  +4.62073578595317745209e+09
  +4.62474916387959861755e+09
  +4.62876254180601978302e+09
  +4.63277591973244190216e+09
  +4.63678929765886306763e+09
  +4.64080267558528423309e+09
  +4.64481605351170539856e+09
  +4.64882943143812751770e+09
  +4.65284280936454868317e+09
  +4.65685618729096984863e+09
  +4.66086956521739101410e+09
  +4.66488294314381313324e+09
  +4.66889632107023429871e+09
  +4.67290969899665546417e+09
  +4.67692307692307662964e+09
  +4.68093645484949874878e+09
  +4.68494983277591991425e+09
  +4.68896321070234107971e+09
  +4.69297658862876224518e+09
  +4.69698996655518436432e+09
  +4.70100334448160552979e+09
  +4.70501672240802669525e+09
  +4.70903010033444786072e+09
  +4.71304347826086997986e+09
  +4.71705685618729114532e+09
  +4.72107023411371231079e+09
  +4.72508361204013347626e+09
  +4.72909698996655559540e+09
  +4.73311036789297676086e+09
  +4.73712374581939792633e+09
  +4.74113712374581909180e+09
  +4.74515050167224121094e+09
  +4.74916387959866237640e+09
  +4.75317725752508354187e+09
  +4.75719063545150470734e+09
  +4.76120401337792682648e+09
  +4.76521739130434799194e+09
  +4.76923076923076915741e+09
  +4.77324414715719032288e+09
  +4.77725752508361244202e+09
  +4.78127090301003360748e+09
  +4.78528428093645477295e+09
  +4.78929765886287593842e+09
  +4.79331103678929805756e+09
  +4.79732441471571922302e+09
  +4.80133779264214038849e+09
  +4.80535117056856155396e+09
  +4.80936454849498367310e+09
  +4.81337792642140483856e+09
  +4.81739130434782600403e+09
  +4.82140468227424716949e+09
  +4.82541806020066928864e+09
  +4.82943143812709045410e+09
  +4.83344481605351161957e+09
  +4.83745819397993278503e+09
  +4.84147157190635490417e+09
  +4.84548494983277606964e+09
  +4.84949832775919723511e+09
  +4.85351170568561840057e+09
  +4.85752508361204051971e+09
  +4.86153846153846168518e+09
  +4.86555183946488285065e+09
  +4.86956521739130401611e+09
  +4.87357859531772613525e+09
  +4.87759197324414730072e+09
  +4.88160535117056846619e+09
  +4.88561872909698963165e+09
  +4.88963210702341175079e+09
  +4.89364548494983291626e+09
  +4.89765886287625408173e+09
  +4.90167224080267524719e+09
  +4.90568561872909736633e+09
  +4.90969899665551853180e+09
  +4.91371237458193969727e+09
  +4.91772575250836086273e+09
  +4.92173913043478298187e+09
  +4.92575250836120414734e+09
  +4.92976588628762531281e+09
  +4.93377926421404647827e+09
  +4.93779264214046859741e+09
  +4.94180602006688976288e+09
  +4.94581939799331092834e+09
  +4.94983277591973209381e+09
  +4.95384615384615421295e+09
  +4.95785953177257537842e+09
  +4.96187290969899654388e+09
  +4.96588628762541770935e+09
  +4.96989966555183982849e+09
  +4.97391304347826099396e+09
  +4.97792642140468215942e+09
  +4.98193979933110332489e+09
  +4.98595317725752544403e+09
  +4.98996655518394660950e+09
  +4.99397993311036777496e+09
  +4.99799331103678894043e+09
  +5.00200668896321105957e+09
  +5.00602006688963222504e+09
  +5.01003344481605339050e+09
  +5.01404682274247455597e+09
  +5.01806020066889667511e+09
  +5.02207357859531784058e+09
  +5.02608695652173900604e+09
  +5.03010033444816017151e+09
  +5.03411371237458229065e+09
  +5.03812709030100345612e+09
  +5.04214046822742462158e+09
  +5.04615384615384578705e+09
  +5.05016722408026790619e+09
  +5.05418060200668907166e+09
  +5.05819397993311023712e+09
  +5.06220735785953140259e+09
  +5.06622073578595352173e+09
  +5.07023411371237468719e+09
  +5.07424749163879585266e+09
  +5.07826086956521701813e+09
  +5.08227424749163913727e+09
  +5.08628762541806030273e+09
  +5.09030100334448146820e+09
  +5.09431438127090263367e+09
  +5.09832775919732475281e+09
  +5.10234113712374591827e+09
  +5.10635451505016708374e+09
  +5.11036789297658824921e+09
  +5.11438127090301036835e+09
  +5.11839464882943153381e+09
  +5.12240802675585269928e+09
  +5.12642140468227386475e+09
  +5.13043478260869598389e+09
  +5.13444816053511714935e+09
  +5.13846153846153831482e+09
  +5.14247491638795948029e+09
  +5.14648829431438159943e+09
  +5.15050167224080276489e+09
  +5.15451505016722393036e+09
  +5.15852842809364509583e+09
  +5.16254180602006721497e+09
  +5.16655518394648838043e+09
  +5.17056856187290954590e+09
  +5.17458193979933166504e+09
  +5.17859531772575283051e+09
  +5.18260869565217399597e+09
  +5.18662207357859516144e+09
  +5.19063545150501632690e+09
  +5.19464882943143844604e+09
  +5.19866220735785961151e+09
  +5.20267558528428077698e+09
  +5.20668896321070289612e+09
  +5.21070234113712406158e+09
  +5.21471571906354522705e+09
  +5.21872909698996639252e+09
  +5.22274247491638755798e+09
  +5.22675585284280967712e+09
  +5.23076923076923084259e+09
  +5.23478260869565200806e+09
  +5.23879598662207412720e+09
  +5.24280936454849529266e+09
  +5.24682274247491645813e+09
  +5.25083612040133762360e+09
  +5.25484949832775878906e+09
  +5.25886287625418090820e+09
  +5.26287625418060207367e+09
  +5.26688963210702323914e+09
  +5.27090301003344535828e+09
  +5.27491638795986652374e+09
  +5.27892976588628768921e+09
  +5.28294314381270885468e+09
  +5.28695652173913002014e+09
  +5.29096989966555213928e+09
  +5.29498327759197330475e+09
  +5.29899665551839447021e+09
  +5.30301003344481658936e+09
  +5.30702341137123775482e+09
  +5.31103678929765892029e+09
  +5.31505016722408008575e+09
  +5.31906354515050125122e+09
  +5.32307692307692337036e+09
  +5.32709030100334453583e+09
  +5.33110367892976570129e+09
  +5.33511705685618782043e+09
  +5.33913043478260898590e+09
  +5.34314381270903015137e+09
  +5.34715719063545131683e+09
  +5.35117056856187248230e+09
  +5.35518394648829460144e+09
  +5.35919732441471576691e+09
  +5.36321070234113693237e+09
  +5.36722408026755905151e+09
  +5.37123745819398021698e+09
  +5.37525083612040138245e+09
  +5.37926421404682254791e+09
  +5.38327759197324371338e+09
  +5.38729096989966583252e+09
  +5.39130434782608699799e+09
  +5.39531772575250816345e+09
  +5.39933110367893028259e+09
  +5.40334448160535144806e+09
  +5.40735785953177261353e+09
  +5.41137123745819377899e+09
  +5.41538461538461494446e+09
  +5.41939799331103706360e+09
  +5.42341137123745822906e+09
  +5.42742474916387939453e+09
  +5.43143812709030151367e+09
  +5.43545150501672267914e+09
  +5.43946488294314384460e+09
  +5.44347826086956501007e+09
  +5.44749163879598617554e+09
  +5.45150501672240829468e+09
  +5.45551839464882946014e+09
  +5.45953177257525062561e+09
  +5.46354515050167274475e+09
  +5.46755852842809391022e+09
  +5.47157190635451507568e+09
  +5.47558528428093624115e+09
  +5.47959866220735740662e+09
  +5.48361204013377952576e+09
  +5.48762541806020069122e+09
  +5.49163879598662185669e+09
  +5.49565217391304397583e+09
  +5.49966555183946514130e+09
  +5.50367892976588630676e+09
  +5.50769230769230747223e+09
  +5.51170568561872863770e+09
  +5.51571906354515075684e+09
  +5.51973244147157192230e+09
  +5.52374581939799308777e+09
  +5.52775919732441520691e+09
  +5.53177257525083637238e+09
  +5.53578595317725753784e+09
  +5.53979933110367870331e+09
  +5.54381270903009986877e+09
  +5.54782608695652198792e+09
  +5.55183946488294315338e+09
  +5.55585284280936431885e+09
  +5.55986622073578643799e+09
  +5.56387959866220760345e+09
  +5.56789297658862876892e+09
  +5.57190635451504993439e+09
  +5.57591973244147109985e+09
  +5.57993311036789321899e+09
  +5.58394648829431438446e+09
  +5.58795986622073554993e+09
  +5.59197324414715766907e+09
  +5.59598662207357883453e+09
  +5.60000000000000000000e+09
</indep>
<dep S11_dB frequency>
  -1.83442913879276227329e-02
  -1.91475772573000517507e-02
  -1.99923855284073609395e-02
  -2.08811999527059935500e-02
  -2.18166734695025843482e-02
  -2.28016411549051695173e-02
  -2.38391342715098264460e-02
  -2.49323955214942639957e-02
  -2.60848956165386988704e-02
  -2.73003512893962574370e-02
  -2.85827448847259385500e-02
  -2.99363456814906933601e-02
  -3.13657331146803136646e-02
  -3.28758220820803553908e-02
  -3.44718905414108933716e-02
  -3.61596096251805831923e-02
  -3.79450765248262114615e-02
  -3.98348504234003059077e-02
  -4.18359917858032448468e-02
  -4.39561053504353566046e-02
  -4.62033872031855294416e-02
  -4.85866763577612742475e-02
  -5.11155113134133115560e-02
  -5.38001921144713804446e-02
  -5.66518484952565487545e-02
  -5.96825147606987807536e-02
  -6.29052121275626152652e-02
  -6.63340393346734669144e-02
  -6.99842724242378949606e-02
  -7.38724747017287242112e-02
  -7.80166179993961317329e-02
  -8.24362165008945407818e-02
  -8.71524745331183070540e-02
  -9.21884498974215871314e-02
  -9.75692344997378252502e-02
  -1.03322154248188649572e-01
  -1.09476990421685849153e-01
  -1.16066224976268797531e-01
  -1.23125312550316862170e-01
  -1.30692982259230400244e-01
  -1.38811572737952498846e-01
  -1.47527404300520442737e-01
  -1.56891192542434110280e-01
  -1.66958508219144680096e-01
  -1.77790288796611378741e-01
  -1.89453407690263780916e-01
  -2.02021307891565249371e-01
  -2.15574707428684869681e-01
  -2.30202384920179470296e-01
  -2.46002054358748917240e-01
  -2.63081339201165775865e-01
  -2.81558856834564275040e-01
  -3.01565425525542329943e-01
  -3.23245407018203811944e-01
  -3.46758199003143974259e-01
  -3.72279892692248259856e-01
  -4.00005111651281053398e-01
  -4.30149048791948263037e-01
  -4.62949718916754127118e-01
  -4.98670444321593686610e-01
  -5.37602590545776970465e-01
  -5.80068568231788761480e-01
  -6.26425114993331422220e-01
  -6.77066867928632243334e-01
  -7.32430232658303759230e-01
  -7.92997548180412126229e-01
  -8.59301538085165850234e-01
  -9.31930027432828933520e-01
  -1.01153089061561374251e+00
  -1.09881717868382122738e+00
  -1.19457235503351655304e+00
  -1.29965554652257808677e+00
  -1.41500669402865408841e+00
  -1.54165146395682528535e+00
  -1.68070576296386309245e+00
  -1.83337968608480172961e+00
  -2.00098072873477006439e+00
  -2.18491611233147109417e+00
  -2.38669411940747622225e+00
  -2.60792441585600487386e+00
  -2.85031746442719668977e+00
  -3.11568331319292557424e+00
  -3.40593028219931337475e+00
  -3.72306437520932886898e+00
  -4.06919061296732742505e+00
  -4.44651792009514146287e+00
  -4.85736970203873674734e+00
  -5.30420283288554017531e+00
  -5.78963847097344874726e+00
  -6.31650899573890356464e+00
  -6.88792654742888554864e+00
  -7.50738038382317540709e+00
  -8.17887294332771475069e+00
  -8.90710879929473264838e+00
  -9.69775777828710872086e+00
  -1.05578254905009742970e+01
  -1.14961852953770957697e+01
  -1.25243629766771764622e+01
  -1.36577350604217091501e+01
  -1.49174389948362744462e+01
  -1.63335821668492400249e+01
  -1.79509953008481062398e+01
  -1.98404404924261399401e+01
  -2.21230022932344922992e+01
  -2.50322332190421050768e+01
  -2.91173083047610532503e+01
  -3.63266587071779056828e+01
  -4.98988990706730675129e+01
  -3.38099245878103147334e+01
  -2.87929719680351290378e+01
  -2.58398586392603100137e+01
  -2.38002445145278720418e+01
  -2.22809611142403269923e+01
  -2.10997866571440439998e+01
  -2.01572657542942401676e+01
  -1.93931894183583857227e+01
  -1.87684039675119755941e+01
  -1.82560904403768802240e+01
  -1.78371529470731502443e+01
  -1.74975925788487884915e+01
  -1.72269231326486114142e+01
  -1.70171704274523918343e+01
  -1.68622165741876131051e+01
  -1.67573576543469648925e+01
  -1.66989988434080984803e+01
  -1.66844414237769420595e+01
  -1.67117335593400007099e+01
  -1.67795671340781247238e+01
  -1.68872094851528480319e+01
  -1.70344631684570941843e+01
  -1.72216499482101568219e+01
  -1.74496176012404191624e+01
  -1.77197702924276150327e+01
  -1.80341255706862106933e+01
  -1.83954038481526183091e+01
  -1.88071600916038512707e+01
  -1.92739732080524603930e+01
  -1.98017176691773002517e+01
  -2.03979568711174330531e+01
  -2.10725234834435539710e+01
  -2.18383984635120214080e+01
  -2.27130884229001708263e+01
  -2.37208780474989033848e+01
  -2.48967165484301204970e+01
  -2.62933986786876126018e+01
  -2.79960808716763942527e+01
  -3.01554802850996566121e+01
  -3.30789635912797876927e+01
  -3.75695586536894481355e+01
  -4.74809079650035030795e+01
  -4.63908968607518730209e+01
  -3.72075026834084283678e+01
  -3.28627813887339570442e+01
  -3.00021771537273522767e+01
  -2.78780020887560482379e+01
  -2.61979792260442394536e+01
  -2.48171956778620028672e+01
  -2.36532046309513930282e+01
  -2.26546468972803864972e+01
  -2.17874055008564937452e+01
  -2.10277121314430743837e+01
  -2.03583982064730371064e+01
  -1.97667139900266484176e+01
  -1.92429910075937158354e+01
  -1.87797863946773304633e+01
  -1.83713169171168786420e+01
  -1.80130748145576653485e+01
  -1.77015622947915005625e+01
  -1.74341063686340724814e+01
  -1.72087301865228710085e+01
  -1.70240658336805275042e+01
  -1.68792991417332132187e+01
  -1.67741408547660775241e+01
  -1.67088212549031176479e+01
  -1.66841076267100199004e+01
  -1.67013461094300517118e+01
  -1.67625319126028351491e+01
  -1.68704149825484108760e+01
  -1.70286526203448360661e+01
  -1.72420272649234718187e+01
  -1.75167584126556334922e+01
  -1.78609556678032959098e+01
  -1.82852914537835360420e+01
  -1.88040297343676101605e+01
  -1.94366589000142688803e+01
  -2.02106072088304031809e+01
  -2.11660309357109071016e+01
  -2.23649171548978316082e+01
  -2.39102099909280205736e+01
  -2.59920488900061741333e+01
  -2.90262655809105538651e+01
  -3.42649296602940438561e+01
  -5.36413000458690802930e+01
  -3.56694054948856447140e+01
  -2.88053515313413868171e+01
  -2.48238974648509760357e+01
  -2.19648479078284211141e+01
  -1.97120901917556992089e+01
  -1.78425389815619475087e+01
  -1.62394680918200826625e+01
  -1.48342540665494109220e+01
  -1.35832381757697113756e+01
  -1.24570082939489665819e+01
  -1.14348645147013687762e+01
  -1.05017182663720110014e+01
  -9.64623980617210108335e+00
  -8.85969265140279915727e+00
  -8.13516850997532969814e+00
  -7.46706760989750861768e+00
  -6.85073621100197005518e+00
  -6.28220895395869582956e+00
  -5.75802375348657324849e+00
  -5.27508852251496662689e+00
  -4.83058587807274708581e+00
  -4.42190614588840169574e+00
  -4.04660158059732921743e+00
  -3.70235640731643389501e+00
  -3.38696845345643593461e+00
  -3.09833900182007138113e+00
  -2.83446818360236019174e+00
  -2.59345380864858965353e+00
  -2.37349203013119414152e+00
  -2.17287867231598808004e+00
  -1.99001041547958257283e+00
  -1.82338533162655602737e+00
  -1.67160250024582435202e+00
  -1.53336060939637963685e+00
  -1.40745557082508887525e+00
  -1.29277725709022517364e+00
  -1.18830551285598162714e+00
  -1.09310561038347087148e+00
  -1.00632331857921353269e+00
  -9.27179742289731656513e-01
  -8.54966068987064065077e-01
  -7.89038337379578957886e-01
  -7.28812319462713298357e-01
  -6.73758585811972343649e-01
  -6.23397804498468488532e-01
  -5.77296307346285453299e-01
  -5.35061943444970933292e-01
  -4.96340228756622536821e-01
  -4.60810792051420892168e-01
  -4.28184110944646700858e-01
  -3.98198527152426873243e-01
  -3.70617526906288907718e-01
  -3.45227270468785263358e-01
  -3.21834353615471302490e-01
  -3.00263783571212639067e-01
  -2.80357152029163336771e-01
  -2.61970988390733072748e-01
  -2.44975277128315183095e-01
  -2.29252124096788134633e-01
  -2.14694557637856858756e-01
  -2.01205451376911537142e-01
  -1.88696556672534737631e-01
  -1.77087633711782849177e-01
  -1.66305671235909446892e-01
  -1.56284185816281923076e-01
  -1.46962592474372016893e-01
  -1.38285639248146519087e-01
  -1.30202899050625681143e-01
  -1.22668312844259552730e-01
  -1.15639778772737455981e-01
  -1.09078782450260897141e-01
  -1.02950064112055386656e-01
  -9.72213187845914900143e-02
  -9.18629260411500531136e-02
  -8.68477062737523231029e-02
  -8.21507007399974037432e-02
  -7.77489729354068209721e-02
  -7.36214291030726636356e-02
  -6.97486559261812216759e-02
  -6.61127736560049583669e-02
  -6.26973031143114034602e-02
  -5.94870451738801972463e-02
  -5.64679714684128558622e-02
  -5.36271252144508159265e-02
  -5.09525311449944007247e-02
  -4.84331136587766789003e-02
  -4.60586223822527784932e-02
  -4.38195644245466808808e-02
  -4.17071426792941374329e-02
  -3.97131995937185441892e-02
  -3.78301658840847418452e-02
  -3.60510137295596347351e-02
  -3.43692140234391485532e-02
  -3.27786973029593822759e-02
  -3.12738180165981483061e-02
  -2.98493218212911790022e-02
  -2.85003156326267687026e-02
  -2.72222401776451052025e-02
  -2.60108448245911713648e-02
  -2.48621644855032061794e-02
  -2.37724984071656202100e-02
  -2.27383906834773621974e-02
  -2.17566123382514735318e-02
  -2.08241448413258034567e-02
  -1.99381649341177739909e-02
  -1.90960306518664531261e-02
  -1.82952684404697023257e-02
</dep>
<dep S21_dB frequency>
  -2.37520026273509472503e+01
  -2.35662750790933692713e+01
  -2.33791892907438416671e+01
  -2.31907250088936507382e+01
  -2.30008615673808556323e+01
  -2.28095778794663530675e+01
  -2.26168524301488460537e+01
  -2.24226632686671898398e+01
  -2.22269880012434057903e+01
  -2.20298037841303155915e+01
  -2.18310873170323880288e+01
  -2.16308148369816457546e+01
  -2.14289621127578477910e+01
  -2.12255044399575112379e+01
  -2.10204166368272815646e+01
  -2.08136730409947077192e+01
  -2.06052475072445986370e+01
  -2.03951134065117010152e+01
  -2.01832436262788483816e+01
  -1.99696105725979364820e+01
  -1.97541861739761301919e+01
  -1.95369418874045095436e+01
  -1.93178487068376156799e+01
  -1.90968771744780312360e+01
  -1.88739973952584811911e+01
  -1.86491790549725280357e+01
  -1.84223914425556216656e+01
  -1.81936034770878265476e+01
  -1.79627837401595797928e+01
  -1.77299005143272694340e+01
  -1.74949218284741547791e+01
  -1.72578155110023701013e+01
  -1.70185492518931376082e+01
  -1.67770906748116495066e+01
  -1.65334074205774292921e+01
  -1.62874672434915446217e+01
  -1.60392381222004658525e+01
  -1.57886883869872480801e+01
  -1.55357868656196593804e+01
  -1.52805030501490879402e+01
  -1.50228072873515117180e+01
  -1.47626709958325186278e+01
  -1.45000669131862132133e+01
  -1.42349693770037575291e+01
  -1.39673546439776234962e+01
  -1.36972012518411503379e+01
  -1.34244904294212688001e+01
  -1.31492065606663732780e+01
  -1.28713377091401639518e+01
  -1.25908762101400562017e+01
  -1.23078193382992573390e+01
  -1.20221700592526108409e+01
  -1.17339378746711062718e+01
  -1.14431397706726301067e+01
  -1.11498012802620412032e+01
  -1.08539576709909866281e+01
  -1.05556552694022727223e+01
  -1.02549529339361349400e+01
  -9.95192368773626689915e+00
  -9.64665652204434920236e+00
  -9.33925837945930226169e+00
  -9.02985632403472315843e+00
  -8.71859990174631249715e+00
  -8.40566368997087742798e+00
  -8.09125002793430780912e+00
  -7.77559191120700354816e+00
  -7.45895602184502415355e+00
  -7.14164585125786199882e+00
  -6.82400485496479891623e+00
  -6.50641955680011285779e+00
  -6.18932249476601015203e+00
  -5.87319487185018562769e+00
  -5.55856874342829510027e+00
  -5.24602853970556815000e+00
  -4.93621168919913255735e+00
  -4.62980808069263805038e+00
  -4.32755808069274650052e+00
  -4.03024881653770883361e+00
  -3.73870844814796710054e+00
  -3.45379819049476077808e+00
  -3.17640192014795808007e+00
  -2.90741330689933619169e+00
  -2.64772055623918856071e+00
  -2.39818902625755470126e+00
  -2.15964218296044574430e+00
  -1.93284156389125882924e+00
  -1.71846660816752505596e+00
  -1.51709535475960599626e+00
  -1.32918708351461845041e+00
  -1.15506795385617277994e+00
  -9.94920573500375771125e-01
  -8.48778207401931439335e-01
  -7.16524034552833199996e-01
  -5.97895509811506409292e-01
  -4.92493530685838454275e-01
  -3.99795787184878181897e-01
  -3.19173422468346235092e-01
  -2.49909976774527919918e-01
  -1.91221535442747836431e-01
  -1.42277047174302728738e-01
  -1.02217902583634015490e-01
  -7.01760401460383709260e-02
  -4.52900496315828959837e-02
  -2.67189473646998673639e-02
  -1.36534839690173066123e-02
  -5.32500112274386042804e-03
  -1.01197326290511846122e-03
  -4.44525446973686717920e-05
  -1.80668393808077138232e-03
  -5.73817767927991932708e-03
  -1.13335248286829566589e-02
  -1.81412248146983132169e-02
  -2.57617672095094736584e-02
  -3.38451782336815706898e-02
  -4.20882091372109037875e-02
  -5.02313111368254405775e-02
  -5.80555115959718731622e-02
  -6.53792795126195980249e-02
  -7.20554454968964780415e-02
  -7.79682222937882890568e-02
  -8.30303563162988478297e-02
  -8.71804282547650188917e-02
  -9.03803112119178214678e-02
  -9.26127875652187904087e-02
  -9.38793204808299891484e-02
  -9.41979723391568601887e-02
  -9.36014599659190649206e-02
  -9.21353352266703756746e-02
  -8.98562790192791588373e-02
  -8.68304967935115135091e-02
  -8.31322043062789756140e-02
  -7.88421932489969529145e-02
  -7.40464675765176577604e-02
  -6.88349427348505654711e-02
  -6.33002014714582894594e-02
  -5.75363014549900714245e-02
  -5.16376314881601752860e-02
  -4.56978146236026033788e-02
  -3.98086579509541321764e-02
  -3.40591501780063907190e-02
  -2.85345093486210274469e-02
  -2.33152840954672854745e-02
  -1.84765126911710063362e-02
  -1.40869448161607506431e-02
  -1.02083313910663678326e-02
  -6.89478801325584846060e-03
  -4.19223749364995307981e-03
  -2.13793671055143540138e-03
  -7.60092504785740198138e-04
  -7.75706433397948120741e-05
  -9.97010220401121395606e-05
  -8.26181282016696830021e-04
  -2.24707993398657853226e-03
  -4.34293895384074354893e-03
  -7.08497468782862821479e-03
  -1.04353748247251482822e-02
  -1.43476882094387327843e-02
  -1.87673034182585379837e-02
  -2.36320113382884333664e-02
  -2.88726465073367716263e-02
  -3.44138017101870141712e-02
  -4.01746102953629072307e-02
  -4.60695908860881270241e-02
  -5.20095496002545704117e-02
  -5.79025355650516632133e-02
  -6.36548463886210252882e-02
  -6.91720813177179316700e-02
  -7.43602410405835856366e-02
  -7.91268744545058216877e-02
  -8.33822741831014291325e-02
  -8.70407241563491002045e-02
  -9.00218041239075617010e-02
  -9.22517575141977436148e-02
  -9.36649305301021362080e-02
  -9.42052917348731727598e-02
  -9.38280425563742248585e-02
  -9.25013300506162261527e-02
  -9.02080738152616079528e-02
  -8.69479190076401092790e-02
  -8.27393268496418726743e-02
  -7.76218126113459860882e-02
  -7.16583386245024100969e-02
  -6.49378661215130326134e-02
  -5.75780643059893501579e-02
  -4.97281676765398972240e-02
  -4.15719628467291074658e-02
  -3.33308735165013664270e-02
  -2.52670964481333110152e-02
  -1.76867219410613563113e-02
  -1.09427491813314375912e-02
  -5.43787999053278129497e-03
  -1.62694431967653043228e-03
  -1.87782556102849274558e-05
  -1.17734197412615575890e-03
  -5.72183353085053622578e-03
  -1.43255282140216932962e-02
  -2.77130570964898015340e-02
  -4.66558381383979370316e-02
  -7.19653951057662721880e-02
  -1.04484350122390851068e-01
  -1.45074960296917132574e-01
  -1.94605190629463381535e-01
  -2.53932473421084159426e-01
  -3.23885492287022347391e-01
  -4.05244533680844065682e-01
  -4.98721150958383874219e-01
  -6.04938060544547351327e-01
  -7.24410309444594169292e-01
  -8.57528793032822145292e-01
  -1.00454714394145527834e+00
  -1.16557285124696563550e+00
  -1.34056321344523809991e+00
  -1.52932640351348236862e+00
  -1.73152756626884696267e+00
  -1.94669951963056697686e+00
  -2.17425733301037027445e+00
  -2.41351583976878680815e+00
  -2.66370902459852310074e+00
  -2.92401021335383326516e+00
  -3.19355207068509461266e+00
  -3.47144555814207267375e+00
  -3.75679719551231627861e+00
  -4.04872417433695375166e+00
  -4.34636707198613247982e+00
  -4.64890009063265186029e+00
  -4.95553888797856512127e+00
  -5.26554617188070572809e+00
  -5.57823530014019386414e+00
  -5.89297216397077505690e+00
  -6.20917564508197727946e+00
  -6.52631692840008792444e+00
  -6.84391793139727067086e+00
  -7.16154908206727913722e+00
  -7.47882664500885852021e+00
  -7.79540976194819901224e+00
  -8.11099734148153572733e+00
  -8.42532490413881340885e+00
  -8.73816146374589663992e+00
  -9.04930650469308339723e+00
  -9.35858709702135982411e+00
  -9.66585517692625018071e+00
  -9.97098500896955641792e+00
  -1.02738708375638854164e+01
  -1.05744247287334971475e+01
  -1.08725745983626254088e+01
  -1.11682624197852771175e+01
  -1.14614426013272883154e+01
  -1.17520805230458158519e+01
  -1.20401512212033061644e+01
  -1.23256382087928670899e+01
  -1.26085324205700377576e+01
  -1.28888312714288701955e+01
  -1.31665378175060698851e+01
  -1.34416600100509953108e+01
  -1.37142100327992277897e+01
  -1.39842037143166173507e+01
  -1.42516600074987351832e+01
  -1.45166005291100841390e+01
  -1.47790491529131351456e+01
  -1.50390316505632384292e+01
  -1.52965753750259754185e+01
  -1.55517089818100622267e+01
  -1.58044621837998011671e+01
  -1.60548655359165408640e+01
  -1.63029502462451105771e+01
  -1.65487480106237256905e+01
  -1.67922908680266438353e+01
  -1.70336110743625326336e+01
  -1.72727409925750592379e+01
  -1.75097129971689433603e+01
  -1.77445593914936345925e+01
  -1.79773123363057507618e+01
  -1.82080037882971126351e+01
  -1.84366654474237989803e+01
  -1.86633287120028406036e+01
  -1.88880246406624507927e+01
  -1.91107839203321745458e+01
  -1.93316368395546049896e+01
  -1.95506132664800063026e+01
  -1.97677426309791712811e+01
  -1.99830539103735524975e+01
  -2.01965756183385565237e+01
  -2.04083357965863925187e+01
  -2.06183620089816770360e+01
  -2.08266813377789148376e+01
  -2.10333203817106735301e+01
  -2.12383052556831408708e+01
  -2.14416615918655324435e+01
  -2.16434145419836596602e+01
  -2.18435887806499060559e+01
  -2.20422085095812079203e+01
  -2.22392974625740649230e+01
  -2.24348789111214941272e+01
  -2.26289756705679856452e+01
  -2.28216101067144059300e+01
  -2.30128041427915377426e+01
  -2.32025792667338706110e+01
  -2.33909565386901974193e+01
  -2.35779565987191084275e+01
  -2.37635996746200746088e+01
</dep>
<dep S[2,2] frequency>
  -9.65239569313929512973e-01+j2.53174945212616298029e-01
  -9.63029183335676886024e-01+j2.61104585074566963865e-01
  -9.60724889057406716830e-01+j2.69100074581745007940e-01
  -9.58323800755410681873e-01+j2.77162333690846141021e-01
  -9.55822909221801020330e-01+j2.85292285285213553792e-01
  -9.53219075357473299981e-01+j2.93490853453644839899e-01
  -9.50509023387295481911e-01+j3.01758961539270065266e-01
  -9.47689333673798262048e-01+j3.10097529932406634767e-01
  -9.44756435104157299421e-01+j3.18507473578435784667e-01
  -9.41706597023833191784e-01+j3.26989699168318437295e-01
  -9.38535920688651992272e-01+j3.35545101975841475461e-01
  -9.35240330205544090347e-01+j3.44174562301456488100e-01
  -9.31815562930556784416e-01+j3.52878941478087959638e-01
  -9.28257159291131839218e-01+j3.61659077389042515893e-01
  -9.24560451997990973005e-01+j3.70515779442529558096e-01
  -9.20720554610397812212e-01+j3.79449822940779446512e-01
  -9.16732349417001435299e-01+j3.88461942774672386314e-01
  -9.12590474593012901394e-01+j3.97552826366623590637e-01
  -9.08289310593190402088e-01+j4.06723105775629034664e-01
  -9.03822965738926065171e-01+j4.15973348868175940574e-01
  -8.99185260956963272605e-01+j4.25304049447575271969e-01
  -8.94369713626777196325e-01+j4.34715616221535927632e-01
  -8.89369520493600518307e-01+j4.44208360473873686836e-01
  -8.84177539604787954275e-01+j4.53782482290217226151e-01
  -8.78786271228465531991e-01+j4.63438055170229290525e-01
  -8.73187837715905801339e-01+j4.73175008838770172481e-01
  -8.67373962272495524495e-01+j4.82993110046681495273e-01
  -8.61335946607351132798e-01+j4.92891941126996746547e-01
  -8.55064647438490199605e-01+j5.02870876045048542657e-01
  -8.48550451839751085359e-01+j5.12929053650122313002e-01
  -8.41783251427588252724e-01+j5.23065347802376900965e-01
  -8.34752415401428859987e-01+j5.33278334010542032217e-01
  -8.27446762470680496904e-01+j5.43566252174074060477e-01
  -8.19854531726318724871e-01+j5.53926964976517055561e-01
  -8.11963352545507222047e-01+j5.64357911425509950476e-01
  -8.03760213655895561224e-01+j5.74856054978039932024e-01
  -7.95231431533164334624e-01+j5.85417825627310373093e-01
  -7.86362618362900667179e-01+j5.96039055259672490017e-01
  -7.77138649868311937041e-01+j6.06714905516176905564e-01
  -7.67543633390820323470e-01+j6.17439787313754595566e-01
  -7.57560876714409081600e-01+j6.28207271095840735775e-01
  -7.47172858249986249213e-01+j6.39009986792109518916e-01
  -7.36361199347230654944e-01+j6.49839512372904160031e-01
  -7.25106639682788656209e-01+j6.60686249787509449760e-01
  -7.13389016890960903083e-01+j6.71539286978866112321e-01
  -7.01187251862280480630e-01+j6.82386244574126443752e-01
  -6.88479341443535397538e-01+j6.93213105765219106402e-01
  -6.75242360637864469375e-01+j7.04004027822687006299e-01
  -6.61452476834265445937e-01+j7.14741133637863623740e-01
  -6.47084979101574919724e-01+j7.25404281674377982014e-01
  -6.32114326172719787067e-01+j7.35970812744537683514e-01
  -6.16514217430921163121e-01+j7.46415272128363227466e-01
  -6.00257692000362275131e-01+j7.56709105747071175685e-01
  -5.83317261947905452146e-01+j7.66820329419277912919e-01
  -5.65665086625675272991e-01+j7.76713170705339406297e-01
  -5.47273196327874411615e-01+j7.86347683530580709999e-01
  -5.28113774693777182634e-01+j7.95679336728920660882e-01
  -5.08159510645639911353e-01+j8.04658578934666190996e-01
  -4.87384032074506201582e-01+j8.13230383953018165499e-01
  -4.65762434925308888012e-01+j8.21333782954488444972e-01
  -4.43271922704348286803e-01+j8.28901392670169601118e-01
  -4.19892572616717474343e-01+j8.35858952328373261409e-01
  -3.95608245369663324986e-01+j8.42124886484895474048e-01
  -3.70407655918128964068e-01+j8.47609916267167640136e-01
  -3.44285621773721572936e-01+j8.52216747959466447426e-01
  -3.17244503552016721137e-01+j8.55839875336164124242e-01
  -2.89295848702385394180e-01+j8.58365540650626090979e-01
  -2.60462243255343062209e-01+j8.59671908527465111760e-01
  -2.30779367254544176546e-01+j8.59629516811552196742e-01
  -2.00298236576908483819e-01+j8.58102078062391693258e-01
  -1.69087596359579594996e-01+j8.54947713867746372784e-01
  -1.37236408639805129717e-01+j8.50020710083363661980e-01
  -1.04856348752283334846e-01+j8.43173882600660729025e-01
  -7.20841917092401862632e-02+j8.34261637915394982379e-01
  -3.90839322084529650070e-02+j8.23143797797988518994e-01
  -6.04844220802558396599e-03+j8.09690229693446283932e-01
  +2.67995682195980577944e-02+j7.93786281190037579236e-01
  +5.92075524679709364051e-02+j7.75338955817133523851e-01
  +9.08943746808587027530e-02+j7.54283687967700400279e-01
  +1.21553081210987734551e-01+j7.30591478886106537871e-01
  +1.50855438539965969191e-01+j7.04276049055450159564e-01
  +1.78458404315330110279e-01+j6.75400555053854434462e-01
  +2.04012578140235878443e-01+j6.44083325774331583169e-01
  +2.27172515057659119009e-01+j6.10502012373985158966e-01
  +2.47608586097620042565e-01+j5.74895538555365348543e-01
  +2.65019855164321360697e-01+j5.37563300748179040411e-01
  +2.79147237516218726938e-01+j4.98861212458901304156e-01
  +2.89786046032159183561e-01+j4.59194412638240900826e-01
  +2.96796951924220842045e-01+j4.19006748156459385424e-01
  +3.00114414168391463456e-01+j3.78767463235835044610e-01
  +2.99751779496484349607e-01+j3.38955839475472364697e-01
  +2.95802514646512082486e-01+j3.00044779729671473589e-01
  +2.88437375187221567430e-01+j2.62484473989262334648e-01
  +2.77897693469329798432e-01+j2.26687297853115116153e-01
  +2.64485326480510263281e-01+j1.93014969422930449117e-01
  +2.48550090237814491623e-01+j1.61768748352415586700e-01
  +2.30475682775315826589e-01+j1.33183141246123015744e-01
  +2.10665146152645310629e-01+j1.07423231354001183502e-01
  +1.89526845547641098477e-01+j8.45854279112538132157e-02
  +1.67461775701892356949e-01+j6.47011716878801851349e-02
  +1.44852778340816779057e-01+j4.77429621631686867955e-02
  +1.22056007756887296978e-01+j3.36319942441750951989e-02
  +9.93947495667818481380e-02+j2.22466994139261797780e-02
  +7.71555040167868355638e-02+j1.34315583307157287996e-02
  +5.55861030613247208976e-02+j7.00566558928709948173e-03
  +3.48955423988884794184e-02+j2.77065964322018021271e-03
  +1.52551706187228353073e-02+j5.17762847014394123057e-04
  -3.19912209644745981763e-03+j3.37948879676613911371e-05
  -2.03640450607751599676e-02+j1.10611993714782030906e-03
  -3.61656621870024563847e-02+j3.52656090454499249187e-03
  -5.05559925179001057316e-02+j7.09436402637714236263e-03
  -6.35096341027473476615e-02+j1.16183266229903936484e-02
  -7.50205395816991860158e-02+j1.69182142552130321267e-02
  -8.50990288905023595234e-02+j2.28255948715974932295e-02
  -9.37690892489857485970e-02+j2.91842107175669940311e-02
  -1.01065985067719021906e-01+j3.58499969742839402764e-02
  -1.07034179944653917715e-01+j4.26908417906668585795e-02
  -1.11725558528004254022e-01+j4.95861673554632287342e-02
  -1.15197926575247300285e-01+j5.64263971217481771769e-02
  -1.17513761954340822946e-01+j6.31123609645122263245e-02
  -1.18739186640205884871e-01+j6.95546782908297300807e-02
  -1.18943129138769365660e-01+j7.56731490524892580485e-02
  -1.18196647564360102223e-01+j8.13961741932601734462e-02
  -1.16572385297392777659e-01+j8.66602201626844453886e-02
  -1.14144133382137802357e-01+j9.14093365632553250810e-02
  -1.10986476322471494527e-01+j9.55947315709985284693e-02
  -1.07174500516324711086e-01+j9.91744062888896549257e-02
  -1.02783547122523466477e-01+j1.02112846484067945618e-01
  -9.78889936110092229171e-02+j1.04380768072823842951e-01
  -9.25660505773353570191e-02+j1.05954911127130624315e-01
  -8.68895625958587825011e-02+j1.06817875983568524867e-01
  -8.09338039481983795298e-02+j1.06957994163883379768e-01
  -7.47722620062912790573e-02+j1.06369226210597966897e-01
  -6.84774028869781226092e-02+j1.05051078162867073118e-01
  -6.21204157396322287354e-02+j1.03008528222973641530e-01
  -5.57709336882993289564e-02+j1.00251955178762536258e-01
  -4.94967310275545857579e-02+j9.67970603455077516220e-02
  -4.33633977623569810689e-02+j9.26647751699864463681e-02
  -3.74339939760732764995e-02+j8.78811471988229925278e-02
  -3.17686877899853170604e-02+j8.24771978501456226596e-02
  -2.64243818203346858553e-02+j7.64887463362119435217e-02
  -2.14543340191307718712e-02+j6.99561951534485304549e-02
  -1.69077795758830751183e-02+j6.29242737669816198931e-02
  -1.28295611321055380571e-02+j5.54417384433634474750e-02
  -9.25977489615337212570e-03+j4.75610275945112029317e-02
  -6.23344032432404659971e-03+j3.93378734474150726363e-02
  -3.78020084541652590104e-03+j3.08308723018880237454e-02
  -1.92406264905231605411e-03+j2.21010170326804561425e-02
  -6.83177843220583724815e-04+j1.32111967814316361158e-02
  -6.96773343470402650723e-05+j4.22566991824345743883e-03
  -8.95576263056918620009e-05-j4.79048271365598628962e-03
  -7.42624414531434240416e-04-j1.37719165625895256788e-02
  -2.02249441840540722382e-03-j2.26535860097923473500e-02
  -3.91665540488672636599e-03-j3.13713026172254619284e-02
  -6.40658286818807098939e-03-j3.98622808675180434479e-02
  -9.46791040264338690235e-03-j4.80656637243252957137e-02
  -1.30706494946305484817e-02-j5.59230210514680414757e-02
  -1.71794533140753324929e-02-j6.33788148767717718357e-02
  -2.17539181481035681642e-02-j7.03808266318396019701e-02
  -2.67489154200897250035e-02-j7.68805427963038523487e-02
  -3.21149467972241531299e-02-j8.28334967739638300399e-02
  -3.77985147177288816067e-02-j8.81995662776519223636e-02
  -4.37425007638535534582e-02-j9.29432269498260965612e-02
  -4.98865446579703775143e-02-j9.70337643511615388636e-02
  -5.61674172481615441299e-02-j1.00445447769654000458e-01
  -6.25193816531712798223e-02-j1.03157670505189869026e-01
  -6.88745377278588977177e-02-j1.05155062343738697761e-01
  -7.51631461622023211433e-02-j1.06427580833443335973e-01
  -8.13139298139641253371e-02-j1.06970588700855240294e-01
  -8.72543512754135885956e-02-j1.06784925293638394139e-01
  -9.29108671714055089907e-02-j1.05876980303961157337e-01
  -9.82091612689129922487e-02-j1.04258778213690311842e-01
  -1.03074360143368459752e-01-j1.01948081905659709845e-01
  -1.07431236897212789572e-01-j9.89685236982989491317e-02
  -1.11204410269823528168e-01-j9.53497716692460056676e-02
  -1.14318548427915112065e-01-j9.11277385123392125177e-02
  -1.16698588795488444880e-01-j8.63448392825004462647e-02
  -1.18269987484495242569e-01-j8.10503031676264168448e-02
  -1.18959014225706760648e-01-j7.53005428084889266716e-02
  -1.18693111163790554485e-01-j6.91595825655640650265e-02
  -1.17401336437827241710e-01-j6.26995443795929363606e-02
  -1.15014916049934523556e-01-j5.60011863381025126740e-02
  -1.11467930012245197702e-01-j4.91544845676712971461e-02
  -1.06698160970914668333e-01-j4.22592434287779872282e-02
  -1.00648135162256013864e-01-j3.54257119997479358320e-02
  -9.32663862774678609213e-02-j2.87751763182103326155e-02
  -8.45089720826366352924e-02-j2.24404866728035445878e-02
  -7.43412707922275206585e-02-j1.65664673725365169110e-02
  -6.27400783983762533325e-02-j1.13101430002232050676e-02
  -4.96960184344910071985e-02-j6.84070056623851951993e-03
  -3.52162609082984356945e-02-j3.33909196617987458211e-03
  -1.93275262611100062671e-02-j9.97166939134694341185e-04
  -2.07932221106277292932e-03-j1.62151519050857118032e-05
  +1.64526744030892846382e-02-j6.04789624699827998988e-04
  +3.61632220713352658947e-02-j2.97568571370424028721e-03
  +5.69142865455252167095e-02-j7.34196414767371297039e-03
  +7.85322150651260875165e-02-j1.39119373819325264918e-02
  +1.00805600233484171646e-01-j2.28830897603692628994e-02
  +1.23484165266440237829e-01-j3.44349765425498305360e-02
  +1.46279029126470616617e-01-j4.87212453698918773748e-02
  +1.68864708212416503308e-01-j6.58610431917431016213e-02
  +1.90883169424545084958e-01-j8.59302041047856762779e-02
  +2.11950158077118144817e-01-j1.08952745291379493597e-01
  +2.31663878580921855921e-01-j1.34893310029165214292e-01
  +2.49615909267586699727e-01-j1.63651265471531082163e-01
  +2.65403998827616338652e-01-j1.95057165062242909848e-01
  +2.78646145557759905564e-01-j2.28872202214899567174e-01
  +2.88995136491459914119e-01-j2.64791104889537443068e-01
  +2.96152560671251841029e-01-j3.02448657026542333526e-01
  +2.99881245448176847468e-01-j3.41429707393049564068e-01
  +3.00015121068203383103e-01-j3.81282180282966065565e-01
  +2.96465701883553034435e-01-j4.21532286397280020473e-01
  +2.89224664233333816910e-01-j4.61700896480892519769e-01
  +2.78362362149285225144e-01-j5.01319923801112343753e-01
  +2.64022499649912312236e-01-j5.39947582691520766573e-01
  +2.46413517055863451333e-01-j5.77181542863433927337e-01
  +2.25797502224275303817e-01-j6.12669254040149713347e-01
  +2.02477577647480644352e-01-j6.46115028450515715974e-01
  +1.76784734689714562172e-01-j6.77283790648446792915e-01
  +1.49065000792698909571e-01-j7.06001691099998329726e-01
  +1.19667662559252763188e-01-j7.32154000797624382457e-01
  +8.89350619526442232043e-02-j7.55680843617237751886e-01
  +5.71942680704576877915e-02-j7.76571381243866487587e-01
  +2.47507301275105007221e-02-j7.94857053848488481762e-01
  -8.11614383740721923033e-03-j8.10604416532832106057e-01
  -4.11556552032872335900e-02-j8.23908016987365043882e-01
  -7.41469755975110444979e-02-j8.34883652197556225261e-01
  -1.06899079915920292017e-01-j8.43662235853696040877e-01
  -1.39249734264366487047e-01-j8.50384413169176012204e-01
  -1.71063802891480709611e-01-j8.55195981473526600780e-01
  -2.02231106139102334573e-01-j8.58244115021692621781e-01
  -2.32664022980449303191e-01-j8.59674350226253380924e-01
  -2.62294992053786479858e-01-j8.59628260732523186149e-01
  -2.91074027737216856071e-01-j8.58241737477240973497e-01
  -3.18966334801239981278e-01-j8.55643784049521793911e-01
  -3.45950077456898097417e-01-j8.51955739510899312528e-01
  -3.72014336339252793540e-01-j8.47290846974421918425e-01
  -3.97157269784765176723e-01-j8.41754094836529631607e-01
  -4.21384483056972736215e-01-j8.35442267226102597277e-01
  -4.44707600220050736084e-01-j8.28444150027227932398e-01
  -4.67143027419186729343e-01-j8.20840848128187361432e-01
  -4.88710892723934808846e-01-j8.12706177989738431933e-01
  -5.09434145838936647266e-01-j8.04107107038512847197e-01
  -5.29337800398257063428e-01-j7.95104217731649409728e-01
  -5.48448301844572605468e-01-j7.85752179444036635836e-01
  -5.66793004751636186889e-01-j7.76100215684644378911e-01
  -5.84399744648812169423e-01-j7.66192557662835560528e-01
  -6.01296490785504289533e-01-j7.56068878015316414576e-01
  -6.17511067712935179941e-01-j7.45764700683755110688e-01
  -6.33070934981869504199e-01-j7.35311784607419971493e-01
  -6.48003015606442911434e-01-j7.24738480157836373330e-01
  -6.62333565195893370081e-01-j7.14070058174911537208e-01
  -6.76088074791943549613e-01-j7.03329012134589204308e-01
  -6.89291201465564884465e-01-j6.92535334443800332238e-01
  -7.01966721623266343144e-01-j6.81706768166411070098e-01
  -7.14137502757320796754e-01-j6.70859035671166004100e-01
  -7.25825490053758737297e-01-j6.60006045790001327767e-01
  -7.37051704857223377587e-01-j6.49160081106165076648e-01
  -7.47836252492428465999e-01-j6.38331966974869491338e-01
  -7.58198337368330643748e-01-j6.27531223829356998856e-01
  -7.68156283652276616891e-01-j6.16766204253224814558e-01
  -7.77727560106455162448e-01-j6.06044216213939668236e-01
  -7.86928807935247220939e-01-j5.95371633758922991220e-01
  -7.95775870706896482076e-01-j5.84753996379026252939e-01
  -8.04283825592499224122e-01-j5.74196098147788047683e-01
  -8.12467015314481066923e-01-j5.63702067651056015762e-01
  -8.20339080320873437202e-01-j5.53275439631629950554e-01
  -8.27912990804179238502e-01-j5.42919219188803148235e-01
  -8.35201078268170693519e-01-j5.32635939293411464490e-01
  -8.42215066415474167272e-01-j5.22427712305522762293e-01
  -8.48966101185620214409e-01-j5.12296276114352466813e-01
  -8.55464779819550935613e-01-j5.02243035458023068252e-01
  -8.61721178864230386019e-01-j4.92269098924455417166e-01
  -8.67744881061190298510e-01-j4.82375312083436424970e-01
  -8.73545001087212780178e-01-j4.72562287153600490974e-01
  -8.79130210134635214914e-01-j4.62830429566092216298e-01
  -8.84508759333914929002e-01-j4.53179961749160808981e-01
  -8.89688502032973893563e-01-j4.43610944423842967765e-01
  -8.94676914956861413231e-01-j4.34123295670584607997e-01
  -8.99481118278114610831e-01-j4.24716807999242274008e-01
  -9.04107894633135789064e-01-j4.15391163630469739676e-01
  -9.08563707123399066923e-01-j4.06145948174601145730e-01
  -9.12854716342581640198e-01-j3.96980662874529599549e-01
  -9.16986796472073706354e-01-j3.87894735561473469332e-01
  -9.20965550487806483559e-01-j3.78887530457004739759e-01
  -9.24796324521407919761e-01-j3.69958356940526034151e-01
  -9.28484221418115929225e-01-j3.61106477389010138701e-01
  -9.32034113533045216471e-01-j3.52331114184542770751e-01
  -9.35450654806319503720e-01-j3.43631455975249855417e-01
  -9.38738292156174769509e-01-j3.35006663266264770318e-01
  -9.41901276227764761018e-01-j3.26455873409413566133e-01
  -9.44943671533797768802e-01-j3.17978205053144002967e-01
  -9.47869366021553250157e-01-j3.09572762107852506031e-01
  -9.50682080099176318733e-01-j3.01238637276134313403e-01
  -9.53385375152564273904e-01-j2.92974915192251272877e-01
  -9.55982661582492898589e-01-j2.84780675210705047640e-01
  -9.58477206390122016266e-01-j2.76654993879587807193e-01
  -9.60872140337410085564e-01-j2.68596947130868624054e-01
  -9.63170464707562623552e-01-j2.60605612216351034682e-01
  -9.65375057689156768070e-01-j2.52680069415265107224e-01
</dep>
<dep S[2,1] frequency>
  -1.64716766374131302897e-02-j6.27989236850546583835e-02
  -1.73563389624181441118e-02-j6.40151950296135030527e-02
  -1.82790648181398208971e-02-j6.52588169913194404703e-02
  -1.92416370747579730527e-02-j6.65303922386743101791e-02
  -2.02459324345226031328e-02-j6.78305269282948736231e-02
  -2.12939269191687423344e-02-j6.91598293090439908415e-02
  -2.23877017046862497596e-02-j7.05189081201090389728e-02
  -2.35294493262071351125e-02-j7.19083707584677878089e-02
  -2.47214802771970887374e-02-j7.33288211883380836031e-02
  -2.59662300285733518845e-02-j7.47808575619959281511e-02
  -2.72662664949131737513e-02-j7.62650695178017784537e-02
  -2.86242979764502053497e-02-j7.77820351172531926354e-02
  -3.00431816071658371048e-02-j7.93323173784362123406e-02
  -3.15259323408698735602e-02-j8.09164603582182145880e-02
  -3.30757325087903189531e-02-j8.25349847299417516133e-02
  -3.46959419837675406284e-02-j8.41883827970847098410e-02
  -3.63901089876880537433e-02-j8.58771128763428925890e-02
  -3.81619815802211950762e-02-j8.76015929756889105695e-02
  -4.00155198682387927556e-02-j8.93621936841746261626e-02
  -4.19549089763986485235e-02-j9.11592301803263588278e-02
  -4.39845728202052713152e-02-j9.29929532549441106859e-02
  -4.61091887233377878408e-02-j9.48635392316772019239e-02
  -4.83337029210589852468e-02-j9.67710786549016016567e-02
  -5.06633469908898056988e-02-j9.87155635988158780547e-02
  -5.31036552504280182085e-02-j1.00696873434322833885e-01
  -5.56604831597923149777e-02-j1.02714758870712449812e-01
  -5.83400267627165042272e-02-j1.04768824067428600877e-01
  -6.11488431952287095350e-02-j1.06858506586813950534e-01
  -6.40938722840154878613e-02-j1.08983054931559755762e-01
  -6.71824592473820036975e-02-j1.11141503380226852604e-01
  -7.04223784998274787705e-02-j1.13332643800456850380e-01
  -7.38218585458472742467e-02-j1.15554994081852741017e-01
  -7.73896079291918476128e-02-j1.17806762788830649002e-01
  -8.11348421792136981212e-02-j1.20085809587456293634e-01
  -8.50673116654444699813e-02-j1.22389600949227614346e-01
  -8.91973302335963974530e-02-j1.24715160578468098329e-01
  -9.35358044494385976186e-02-j1.27059013948247034875e-01
  -9.80942632196663139021e-02-j1.29417126262288378902e-01
  -1.02884887488763093755e-01-j1.31784833087043196098e-01
  -1.07920539625565956032e-01-j1.34156762819064551140e-01
  -1.13214792009767487024e-01-j1.36526750068249325132e-01
  -1.18781954203507594814e-01-j1.38887738948010125428e-01
  -1.24637097942488436764e-01-j1.41231675170011783393e-01
  -1.30796079000031234552e-01-j1.43549385745351726351e-01
  -1.37275554760760365447e-01-j1.45830444998256675282e-01
  -1.44092996081930130314e-01-j1.48063025505953765881e-01
  -1.51266691712870215980e-01-j1.50233732493931154695e-01
  -1.58815743178661511470e-01-j1.52327420145706410315e-01
  -1.66760047604245870145e-01-j1.54326988238955298272e-01
  -1.75120265450338929991e-01-j1.56213157506645688999e-01
  -1.83917769542742581823e-01-j1.57964222157345235420e-01
  -1.93174571091839081260e-01-j1.59555778092060923656e-01
  -2.02913217609452051216e-01-j1.60960425550009694762e-01
  -2.13156656727485793734e-01-j1.62147445233237652573e-01
  -2.23928058901003923520e-01-j1.63082447438256533667e-01
  -2.35250590836452055932e-01-j1.63726994409184561929e-01
  -2.47147130228967892851e-01-j1.64038197078909070425e-01
  -2.59639911037867210375e-01-j1.63968288652013932660e-01
  -2.72750087107318850421e-01-j1.63464179187281066774e-01
  -2.86497200503176285835e-01-j1.62466997553219555384e-01
  -3.00898539567876488476e-01-j1.60911629963029378931e-01
  -3.15968370513648844078e-01-j1.58726267860043179780e-01
  -3.31717025549027988429e-01-j1.55831982337511137926e-01
  -3.48149830296815898656e-01-j1.52142347645553344115e-01
  -3.65265853920390792808e-01-j1.47563142746019448914e-01
  -3.83056467325653293710e-01-j1.41992167356519205512e-01
  -4.01503698541167242109e-01-j1.35319217426378674007e-01
  -4.20578380492962589088e-01-j1.27426274327766902994e-01
  -4.40238095563734832538e-01-j1.18187971851385256739e-01
  -4.60424934295459109546e-01-j1.07472414731423507317e-01
  -4.81063103085501209133e-01-j9.51424309096268877584e-02
  -5.02056438345538147416e-01-j8.10573456807589937112e-02
  -5.23285912661476171337e-01-j6.50753673559590767317e-02
  -5.44607251819580917562e-01-j4.70566687502228311879e-02
  -5.65848819152570015056e-01-j2.68672338261593535158e-02
  -5.86809963374702703298e-01-j4.38351115081145499552e-03
  -6.07260064310965463896e-01+j2.05021274695507960129e-02
  -6.26938542361771600220e-01+j4.78751858946113023618e-02
  -6.45556115111461603639e-01+j7.77922422829545878731e-02
  -6.62797579701588812640e-01+j1.10273785501509513640e-01
  -6.78326363418170319441e-01+j1.45297033973979444754e-01
  -6.91791009324297601069e-01+j1.82789188904150162740e-01
  -7.02833643762407422884e-01+j2.22621666995157202473e-01
  -7.11100308870847075404e-01+j2.64605918326622002734e-01
  -7.16252844700396185118e-01+j3.08491442828588868785e-01
  -7.17981790439517486568e-01+j3.53966555842023189449e-01
  -7.16019570248177750216e-01+j4.00662308575057968252e-01
  -7.10153070155162935428e-01+j4.48159743703133550685e-01
  -7.00234632956137970083e-01+j4.96000376145633525837e-01
  -6.86190525674563400749e-01+j5.43699466320055280200e-01
  -6.68026081733453791500e-01+j5.90761342420115909135e-01
  -6.45826979852334059906e-01+j6.36695778673442402962e-01
  -6.19756464313053645476e-01+j6.81034291685710835296e-01
  -5.90048689483904986730e-01+j7.23345204584096235223e-01
  -5.56998729722041785450e-01+j7.63246453475669550670e-01
  -5.20950081633508643719e-01+j8.00415352892053899581e-01
  -4.82280661092719775684e-01+j8.34594856486091551950e-01
  -4.41388345784496427537e-01+j8.65596195559790948515e-01
  -3.98677041656185116025e-01+j8.93298100668585615125e-01
  -3.54544083852817160096e-01+j9.17643070406976901765e-01
  -3.09369556031888426340e-01+j9.38631322709537085913e-01
  -2.63507865482368819343e-01+j9.56313141582054604406e-01
  -2.17281679243860992301e-01+j9.70780325299556157148e-01
  -1.70978132721302605868e-01+j9.82157370064418389077e-01
  -1.24847080062025619918e-01+j9.90592909522420406176e-01
  -7.91010674255973877944e-02+j9.96251798341137639881e-01
  -3.39166711313234198188e-02+j9.99308096189756134287e-01
  +1.05631571748054341187e-02+j9.99939090238104011377e-01
  +5.42260681431577240552e-02+j9.98320397318009367105e-01
  +9.69868999928734376592e-02+j9.94622113908863791920e-01
  +1.38784103698406630079e-01+j9.89005932328120729302e-01
  +1.79576187082852833932e-01+j9.81623111940319925672e-01
  +2.19338307515110797485e-01+j9.72613180829712375974e-01
  +2.58059100239585725856e-01+j9.62103242008974568478e-01
  +2.95737794424317745889e-01+j9.50207765015234628869e-01
  +3.32381641812266703795e-01+j9.37028755463467311060e-01
  +3.68003662743372095267e-01+j9.22656209299127283430e-01
  +4.02620700277862564320e-01+j9.07168773319693477752e-01
  +4.36251764068951886077e-01+j8.90634547818207944481e-01
  +4.68916640410457108423e-01+j8.73111980212725180550e-01
  +5.00634742539194488309e-01+j8.54650809890558860182e-01
  +5.31424174972019769392e-01+j8.35293034089510388895e-01
  +5.61300986730482787124e-01+j8.15073872496616003147e-01
  +5.90278590228530686268e-01+j7.94022714502075288578e-01
  +6.18367324976066945474e-01+j7.72164037886666987376e-01
  +6.45574147797600694787e-01+j7.49518291347713416783e-01
  +6.71902433779316798912e-01+j7.26102735883667027572e-01
  +6.97351874505263036319e-01+j7.01932241849473226303e-01
  +7.21918462238109848172e-01+j6.77020039634062653633e-01
  +7.45594550494370400529e-01+j6.51378422548407498560e-01
  +7.68368982934576782995e-01+j6.25019400775957523209e-01
  +7.90227283633338384305e-01+j5.97955305239770473769e-01
  +8.11151902621425890949e-01+j5.70199340076310345893e-01
  +8.31122511123053464566e-01+j5.41766082156478034904e-01
  +8.50116341173299372436e-01+j5.12671925827610563964e-01
  +8.68108564327025322704e-01+j4.82935470824458590311e-01
  +8.85072704000043342099e-01+j4.52577851159451038932e-01
  +9.00981075658417451812e-01+j4.21623002791118473009e-01
  +9.15805248638488555990e-01+j3.90097868012899529067e-01
  +9.29516522887241403161e-01+j3.58032534821199233122e-01
  +9.42086413409378597983e-01+j3.25460310020704857159e-01
  +9.53487134743863040676e-01+j2.92417725504779291157e-01
  +9.63692077416412273827e-01+j2.58944477997798960800e-01
  +9.72676268069758376278e-01+j2.25083303542091495153e-01
  +9.80416804898292193471e-01+j1.90879789124050153193e-01
  +9.86893260139083405846e-01+j1.56382125022045986862e-01
  +9.92088041717476332160e-01+j1.21640802676770909407e-01
  +9.95986706722968073713e-01+j8.67082640823901157345e-02
  +9.98578220196580157442e-01+j5.16385098222692934256e-02
  +9.99855153731452617194e-01+j1.64866738751176661326e-02
  +9.99813819595667729878e-01-j1.86914258504049177190e-02
  +9.98454337445151329788e-01-j5.38397516723226957081e-02
  +9.95780632157663991855e-01-j8.89025150201217390089e-02
  +9.91800362835784099502e-01-j1.23824639960479737644e-01
  +9.86524784541493393597e-01-j1.58552211417390981341e-01
  +9.79968545783557076767e-01-j1.93032898538600866667e-01
  +9.72149426128896099186e-01-j2.27216344296626154842e-01
  +9.63088019506432191363e-01-j2.61054513256949005662e-01
  +9.52807369778778556757e-01-j2.94501990456884965575e-01
  +9.41332565949388078153e-01-j3.27516225470334099157e-01
  +9.28690304935224641980e-01-j3.60057716933996407871e-01
  +9.14908430167274300260e-01-j3.92090134028415582268e-01
  +9.00015454393027769520e-01-j4.23580372591539522364e-01
  +8.84040074968578393211e-01-j4.54498544648362035048e-01
  +8.67010689673549439505e-01-j4.84817901127652550741e-01
  +8.48954920699200532574e-01-j5.14514688375615647509e-01
  +8.29899153992427418558e-01-j5.43567939745264516738e-01
  +8.09868100634306586905e-01-j5.71959204027631340495e-01
  +7.88884386441186413741e-01-j5.99672212796718895333e-01
  +7.66968175548373265471e-01-j6.26692488872757968998e-01
  +7.44136833420012688833e-01-j6.53006898088221543475e-01
  +7.20404634569220103657e-01-j6.78603146396653089667e-01
  +6.95782520312603791623e-01-j7.03469224134383730451e-01
  +6.70277912161197031438e-01-j7.27592798977928723048e-01
  +6.43894586998380091813e-01-j7.50960558893308927075e-01
  +6.16632621042248363352e-01-j7.73557506217558255024e-01
  +5.88488410754427704319e-01-j7.95366204028145951099e-01
  +5.59454780348604518991e-01-j8.16365976239793234015e-01
  +5.29521187366043699640e-01-j8.36532063532326342070e-01
  +4.98674039897899046281e-01-j8.55834738389089744182e-01
  +4.66897141394756243216e-01-j8.74238384363557829992e-01
  +4.34172281524576098022e-01-j8.91700547364693063557e-01
  +4.00479994082672374756e-01-j9.08170970448410774800e-01
  +3.65800505315700685838e-01-j9.23590628525984835839e-01
  +3.30114897903730775131e-01-j9.37890785752625300020e-01
  +2.93406516848140785925e-01-j9.50992106323515384858e-01
  +2.55662643106494502643e-01-j9.62803859109021997753e-01
  +2.16876458315480302730e-01-j9.73223268034793087544e-01
  +1.77049318508790631821e-01-j9.82135073217248577571e-01
  +1.36193345377005836649e-01-j9.89411382207896594743e-01
  +9.43343292308439496097e-02-j9.94911905527841367025e-01
  +5.15149172953308157052e-02-j9.98484684751233531053e-01
  +7.79803329011918757580e-03-j9.99967432886196494479e-01
  -3.67295611854058512424e-02-j9.99189613171403423486e-01
  -8.19536960731416380677e-02-j9.95975380400492604771e-01
  -1.27729395336351386758e-01-j9.90147494627174662440e-01
  -1.73877888140196557032e-01-j9.81532286382442387129e-01
  -2.20184316719834960452e-01-j9.69965701370521626856e-01
  -2.66396473107669229385e-01-j9.55300378119235960028e-01
  -3.12224923527326780892e-01-j9.37413613628359287944e-01
  -3.57344877285138251555e-01-j9.16215952703341884877e-01
  -4.01400115026212089830e-01-j8.91660004323340915633e-01
  -4.44009199779819729859e-01-j8.63748956755051033873e-01
  -4.84774048591198825076e-01-j8.32544151431456103118e-01
  -5.23290745922636024723e-01-j7.98171006978963260003e-01
  -5.59162246057345435624e-01-j7.60822582701311311837e-01
  -5.92012365424341102660e-01-j7.20760154145461129360e-01
  -6.21500241612679804604e-01-j6.78310350452529520204e-01
  -6.47334273008384530890e-01-j6.33858666943508453073e-01
  -6.69284487601252253697e-01-j5.87839491863439311814e-01
  -6.87192345877101207208e-01-j5.40723132385718563420e-01
  -7.00977165787966316479e-01-j4.93000641150933394119e-01
  -7.10638649501746599846e-01-j4.45167480418530325803e-01
  -7.16255352750931884032e-01-j3.97707177448869020342e-01
  -7.17979315216161873003e-01-j3.51076103638392089668e-01
  -7.16027409061211539409e-01-j3.05690357491077757679e-01
  -7.10670216213280858675e-01-j2.61915476691491289074e-01
  -7.02219385043953092662e-01-j2.20059391594376985157e-01
  -6.91014437448678742193e-01-j1.80368710543281796088e-01
  -6.77409911894940042210e-01-j1.43028140479766141535e-01
  -6.61763565102216011482e-01-j1.08162625508276419306e-01
  -6.44426149360608935268e-01-j7.58416466440417491590e-02
  -6.25733067730644521021e-01-j4.60850678774857580589e-02
  -6.05998012556897336367e-01-j1.88699253456716675714e-02
  -5.85508531622276007234e-01+j5.86238042102050788823e-03
  -5.64523349096064941399e-01+j2.81989346268939032603e-02
  -5.43271195473576495871e-01+j4.82485385449595502450e-02
  -5.21950866757251108474e-01+j6.61355517012170990299e-02
  -5.00732230009081846767e-01+j8.19944825970088247979e-02
  -4.79757911077508369946e-01+j9.59653863138845014680e-02
  -4.59145432355383908973e-01+j1.08190067416421842328e-01
  -4.38989606891601658045e-01+j1.18809044330710211756e-01
  -4.19365034850290419044e-01+j1.27959204586827635097e-01
  -4.00328585681925808171e-01+j1.35772066032702809490e-01
  -3.81921782387473818243e-01+j1.42372554303320214553e-01
  -3.64173031982793771189e-01+j1.47878208666671007165e-01
  -3.47099668555118423541e-01+j1.52398734510351518967e-01
  -3.30709792490982035229e-01+j1.56035829326509334347e-01
  -3.15003902164655291696e-01+j1.58883218723548269580e-01
  -2.99976323336318184687e-01+j1.61026848785574133727e-01
  -2.85616447454654309723e-01+j1.62545190397059835519e-01
  -2.71909793665720045386e-01+j1.63509619591488963852e-01
  -2.58838911185789444236e-01+j1.63984845396345862989e-01
  -2.46384139287835562948e-01+j1.64029362988057286765e-01
  -2.34524241869534605387e-01+j1.63695915276671821736e-01
  -2.23236932716822655820e-01+j1.63031950396363450873e-01
  -2.12499306379333147143e-01+j1.62080066093227198598e-01
  -2.02288188197724871920e-01+j1.60878434792795621533e-01
  -1.92580415585569791892e-01+j1.59461205310218290254e-01
  -1.83353061249502707897e-01+j1.57858878841419747463e-01
  -1.74583607681704333636e-01+j1.56098658137426349324e-01
  -1.66250081008989469833e-01+j1.54204769697566246300e-01
  -1.58331151148295018460e-01+j1.52198759488907042758e-01
  -1.50806204204011973236e-01+j1.50099763166208183263e-01
  -1.43655392147337163111e-01+j1.47924752075446419575e-01
  -1.36859664034885392114e-01+j1.45688756512457412429e-01
  -1.30400782345356014424e-01+j1.43405067806494562754e-01
  -1.24261327428823800667e-01+j1.41085420830517282997e-01
  -1.18424692563409053592e-01+j1.38740158524245510430e-01
  -1.12875071688541037118e-01+j1.36378379967041801768e-01
  -1.07597441523507322825e-01+j1.34008073466451799183e-01
  -1.02577539475657841805e-01+j1.31636236043154219999e-01
  -9.78018384868502704821e-02+j1.29268980600268312831e-01
  -9.32575197524022764251e-02+j1.26911631969130411779e-01
  -8.89324440677892597007e-02+j1.24568812927953007086e-01
  -8.48151224094243899598e-02+j1.22244521196565703036e-01
  -8.08946862321829468501e-02+j1.19942198321214846257e-01
  -7.71608578641221204419e-02+j1.17664791279171718208e-01
  -7.36039212945807236332e-02+j1.15414807554200263273e-01
  -7.02146935825977425161e-02+j1.13194364361027990928e-01
  -6.69844970559764496532e-02+j1.11005232629874439620e-01
  -6.39051324251754676586e-02+j1.08848876300666780326e-01
  -6.09688528987841552031e-02+j1.06726487420658822103e-01
  -5.81683393572174287089e-02+j1.04639017488367888631e-01
  -5.54966766170895062227e-02+j1.02587205440824197344e-01
  -5.29473307995225392353e-02+j1.00571602639634105625e-01
  -5.05141278005821342534e-02+j9.85925951740532907630e-02
  -4.81912328502433554012e-02+j9.66504237656745091023e-02
  -4.59731311373186568581e-02+j9.47452015292311183758e-02
  -4.38546094710201908584e-02+j9.28769298169936918796e-02
  -4.18307389449044317309e-02+j9.10455123500647917067e-02
  -3.98968585655012850100e-02+j8.92507678182389713184e-02
  -3.80485598056768264952e-02+j8.74924411107466798443e-02
  -3.62816720414465970768e-02+j8.57702133228975122092e-02
  -3.45922488304467173892e-02+j8.40837106682208040853e-02
  -3.29765549902675467187e-02+j8.24325124118766294767e-02
  -3.14310544353866086476e-02+j8.08161579288209225291e-02
  -2.99523987322814211343e-02+j7.92341529792004728439e-02
  -2.85374163334188822583e-02+j7.76859752836482758687e-02
  -2.71831024521459012344e-02+j7.61710794723871598144e-02
  -2.58866095419380236320e-02+j7.46889014742356666110e-02
  -2.46452383450078797711e-02+j7.32388624046259595346e-02
  -2.34564294768580643147e-02+j7.18203720055079070095e-02
  -2.23177555149827108738e-02+j7.04328316844676644015e-02
  -2.12269135615088984370e-02+j6.90756371953902270633e-02
  -2.01817182511829298908e-02+j6.77481809985835126131e-02
  -1.91800951776317403497e-02+j6.64498543342921244026e-02
  -1.82200747123732360866e-02+j6.51800490400042259465e-02
  -1.72997861924705474690e-02+j6.39381591387611497579e-02
  -1.64174524541651212228e-02+j6.27235822228690148572e-02
</dep>
<dep S[1,2] frequency>
  -1.64716766374131302897e-02-j6.27989236850546583835e-02
  -1.73563389624181441118e-02-j6.40151950296135030527e-02
  -1.82790648181398208971e-02-j6.52588169913194404703e-02
  -1.92416370747579730527e-02-j6.65303922386743101791e-02
  -2.02459324345226031328e-02-j6.78305269282948736231e-02
  -2.12939269191687423344e-02-j6.91598293090439908415e-02
  -2.23877017046862497596e-02-j7.05189081201090389728e-02
  -2.35294493262071351125e-02-j7.19083707584677878089e-02
  -2.47214802771970887374e-02-j7.33288211883380836031e-02
  -2.59662300285733518845e-02-j7.47808575619959281511e-02
  -2.72662664949131737513e-02-j7.62650695178017784537e-02
  -2.86242979764502053497e-02-j7.77820351172531926354e-02
  -3.00431816071658371048e-02-j7.93323173784362123406e-02
  -3.15259323408698735602e-02-j8.09164603582182145880e-02
  -3.30757325087903189531e-02-j8.25349847299417516133e-02
  -3.46959419837675406284e-02-j8.41883827970847098410e-02
  -3.63901089876880537433e-02-j8.58771128763428925890e-02
  -3.81619815802211950762e-02-j8.76015929756889105695e-02
  -4.00155198682387927556e-02-j8.93621936841746261626e-02
  -4.19549089763986485235e-02-j9.11592301803263588278e-02
  -4.39845728202052713152e-02-j9.29929532549441106859e-02
  -4.61091887233377878408e-02-j9.48635392316772019239e-02
  -4.83337029210589852468e-02-j9.67710786549016016567e-02
  -5.06633469908898056988e-02-j9.87155635988158780547e-02
  -5.31036552504280182085e-02-j1.00696873434322833885e-01
  -5.56604831597923149777e-02-j1.02714758870712449812e-01
  -5.83400267627165042272e-02-j1.04768824067428600877e-01
  -6.11488431952287095350e-02-j1.06858506586813950534e-01
  -6.40938722840154878613e-02-j1.08983054931559755762e-01
  -6.71824592473820036975e-02-j1.11141503380226852604e-01
  -7.04223784998274787705e-02-j1.13332643800456850380e-01
  -7.38218585458472742467e-02-j1.15554994081852741017e-01
  -7.73896079291918476128e-02-j1.17806762788830649002e-01
  -8.11348421792136981212e-02-j1.20085809587456293634e-01
  -8.50673116654444699813e-02-j1.22389600949227614346e-01
  -8.91973302335963974530e-02-j1.24715160578468098329e-01
  -9.35358044494385976186e-02-j1.27059013948247034875e-01
  -9.80942632196663139021e-02-j1.29417126262288378902e-01
  -1.02884887488763093755e-01-j1.31784833087043196098e-01
  -1.07920539625565956032e-01-j1.34156762819064551140e-01
  -1.13214792009767487024e-01-j1.36526750068249325132e-01
  -1.18781954203507594814e-01-j1.38887738948010125428e-01
  -1.24637097942488436764e-01-j1.41231675170011783393e-01
  -1.30796079000031234552e-01-j1.43549385745351726351e-01
  -1.37275554760760365447e-01-j1.45830444998256675282e-01
  -1.44092996081930130314e-01-j1.48063025505953765881e-01
  -1.51266691712870215980e-01-j1.50233732493931154695e-01
  -1.58815743178661511470e-01-j1.52327420145706410315e-01
  -1.66760047604245870145e-01-j1.54326988238955298272e-01
  -1.75120265450338929991e-01-j1.56213157506645688999e-01
  -1.83917769542742581823e-01-j1.57964222157345235420e-01
  -1.93174571091839081260e-01-j1.59555778092060923656e-01
  -2.02913217609452051216e-01-j1.60960425550009694762e-01
  -2.13156656727485793734e-01-j1.62147445233237652573e-01
  -2.23928058901003923520e-01-j1.63082447438256533667e-01
  -2.35250590836452055932e-01-j1.63726994409184561929e-01
  -2.47147130228967892851e-01-j1.64038197078909070425e-01
  -2.59639911037867210375e-01-j1.63968288652013932660e-01
  -2.72750087107318850421e-01-j1.63464179187281066774e-01
  -2.86497200503176285835e-01-j1.62466997553219555384e-01
  -3.00898539567876488476e-01-j1.60911629963029378931e-01
  -3.15968370513648844078e-01-j1.58726267860043179780e-01
  -3.31717025549027988429e-01-j1.55831982337511137926e-01
  -3.48149830296815898656e-01-j1.52142347645553344115e-01
  -3.65265853920390792808e-01-j1.47563142746019448914e-01
  -3.83056467325653293710e-01-j1.41992167356519205512e-01
  -4.01503698541167242109e-01-j1.35319217426378674007e-01
  -4.20578380492962589088e-01-j1.27426274327766902994e-01
  -4.40238095563734832538e-01-j1.18187971851385256739e-01
  -4.60424934295459109546e-01-j1.07472414731423507317e-01
  -4.81063103085501209133e-01-j9.51424309096268877584e-02
  -5.02056438345538147416e-01-j8.10573456807589937112e-02
  -5.23285912661476171337e-01-j6.50753673559590767317e-02
  -5.44607251819580917562e-01-j4.70566687502228311879e-02
  -5.65848819152570015056e-01-j2.68672338261593535158e-02
  -5.86809963374702703298e-01-j4.38351115081145499552e-03
  -6.07260064310965463896e-01+j2.05021274695507960129e-02
  -6.26938542361771600220e-01+j4.78751858946113023618e-02
  -6.45556115111461603639e-01+j7.77922422829545878731e-02
  -6.62797579701588812640e-01+j1.10273785501509513640e-01
  -6.78326363418170319441e-01+j1.45297033973979444754e-01
  -6.91791009324297601069e-01+j1.82789188904150162740e-01
  -7.02833643762407422884e-01+j2.22621666995157202473e-01
  -7.11100308870847075404e-01+j2.64605918326622002734e-01
  -7.16252844700396185118e-01+j3.08491442828588868785e-01
  -7.17981790439517486568e-01+j3.53966555842023189449e-01
  -7.16019570248177750216e-01+j4.00662308575057968252e-01
  -7.10153070155162935428e-01+j4.48159743703133550685e-01
  -7.00234632956137970083e-01+j4.96000376145633525837e-01
  -6.86190525674563400749e-01+j5.43699466320055280200e-01
  -6.68026081733453791500e-01+j5.90761342420115909135e-01
  -6.45826979852334059906e-01+j6.36695778673442402962e-01
  -6.19756464313053645476e-01+j6.81034291685710835296e-01
  -5.90048689483904986730e-01+j7.23345204584096235223e-01
  -5.56998729722041785450e-01+j7.63246453475669550670e-01
  -5.20950081633508643719e-01+j8.00415352892053899581e-01
  -4.82280661092719775684e-01+j8.34594856486091551950e-01
  -4.41388345784496427537e-01+j8.65596195559790948515e-01
  -3.98677041656185116025e-01+j8.93298100668585615125e-01
  -3.54544083852817160096e-01+j9.17643070406976901765e-01
  -3.09369556031888426340e-01+j9.38631322709537085913e-01
  -2.63507865482368819343e-01+j9.56313141582054604406e-01
  -2.17281679243860992301e-01+j9.70780325299556157148e-01
  -1.70978132721302605868e-01+j9.82157370064418389077e-01
  -1.24847080062025619918e-01+j9.90592909522420406176e-01
  -7.91010674255973877944e-02+j9.96251798341137639881e-01
  -3.39166711313234198188e-02+j9.99308096189756134287e-01
  +1.05631571748054341187e-02+j9.99939090238104011377e-01
  +5.42260681431577240552e-02+j9.98320397318009367105e-01
  +9.69868999928734376592e-02+j9.94622113908863791920e-01
  +1.38784103698406630079e-01+j9.89005932328120729302e-01
  +1.79576187082852833932e-01+j9.81623111940319925672e-01
  +2.19338307515110797485e-01+j9.72613180829712375974e-01
  +2.58059100239585725856e-01+j9.62103242008974568478e-01
  +2.95737794424317745889e-01+j9.50207765015234628869e-01
  +3.32381641812266703795e-01+j9.37028755463467311060e-01
  +3.68003662743372095267e-01+j9.22656209299127283430e-01
  +4.02620700277862564320e-01+j9.07168773319693477752e-01
  +4.36251764068951886077e-01+j8.90634547818207944481e-01
  +4.68916640410457108423e-01+j8.73111980212725180550e-01
  +5.00634742539194488309e-01+j8.54650809890558860182e-01
  +5.31424174972019769392e-01+j8.35293034089510388895e-01
  +5.61300986730482787124e-01+j8.15073872496616003147e-01
  +5.90278590228530686268e-01+j7.94022714502075288578e-01
  +6.18367324976066945474e-01+j7.72164037886666987376e-01
  +6.45574147797600694787e-01+j7.49518291347713416783e-01
  +6.71902433779316798912e-01+j7.26102735883667027572e-01
  +6.97351874505263036319e-01+j7.01932241849473226303e-01
  +7.21918462238109848172e-01+j6.77020039634062653633e-01
  +7.45594550494370400529e-01+j6.51378422548407498560e-01
  +7.68368982934576782995e-01+j6.25019400775957523209e-01
  +7.90227283633338384305e-01+j5.97955305239770473769e-01
  +8.11151902621425890949e-01+j5.70199340076310345893e-01
  +8.31122511123053464566e-01+j5.41766082156478034904e-01
  +8.50116341173299372436e-01+j5.12671925827610563964e-01
  +8.68108564327025322704e-01+j4.82935470824458590311e-01
  +8.85072704000043342099e-01+j4.52577851159451038932e-01
  +9.00981075658417451812e-01+j4.21623002791118473009e-01
  +9.15805248638488555990e-01+j3.90097868012899529067e-01
  +9.29516522887241403161e-01+j3.58032534821199233122e-01
  +9.42086413409378597983e-01+j3.25460310020704857159e-01
  +9.53487134743863040676e-01+j2.92417725504779291157e-01
  +9.63692077416412273827e-01+j2.58944477997798960800e-01
  +9.72676268069758376278e-01+j2.25083303542091495153e-01
  +9.80416804898292193471e-01+j1.90879789124050153193e-01
  +9.86893260139083405846e-01+j1.56382125022045986862e-01
  +9.92088041717476332160e-01+j1.21640802676770909407e-01
  +9.95986706722968073713e-01+j8.67082640823901157345e-02
  +9.98578220196580157442e-01+j5.16385098222692934256e-02
  +9.99855153731452617194e-01+j1.64866738751176661326e-02
  +9.99813819595667729878e-01-j1.86914258504049177190e-02
  +9.98454337445151329788e-01-j5.38397516723226957081e-02
  +9.95780632157663991855e-01-j8.89025150201217390089e-02
  +9.91800362835784099502e-01-j1.23824639960479737644e-01
  +9.86524784541493393597e-01-j1.58552211417390981341e-01
  +9.79968545783557076767e-01-j1.93032898538600866667e-01
  +9.72149426128896099186e-01-j2.27216344296626154842e-01
  +9.63088019506432191363e-01-j2.61054513256949005662e-01
  +9.52807369778778556757e-01-j2.94501990456884965575e-01
  +9.41332565949388078153e-01-j3.27516225470334099157e-01
  +9.28690304935224641980e-01-j3.60057716933996407871e-01
  +9.14908430167274300260e-01-j3.92090134028415582268e-01
  +9.00015454393027769520e-01-j4.23580372591539522364e-01
  +8.84040074968578393211e-01-j4.54498544648362035048e-01
  +8.67010689673549439505e-01-j4.84817901127652550741e-01
  +8.48954920699200532574e-01-j5.14514688375615647509e-01
  +8.29899153992427418558e-01-j5.43567939745264516738e-01
  +8.09868100634306586905e-01-j5.71959204027631340495e-01
  +7.88884386441186413741e-01-j5.99672212796718895333e-01
  +7.66968175548373265471e-01-j6.26692488872757968998e-01
  +7.44136833420012688833e-01-j6.53006898088221543475e-01
  +7.20404634569220103657e-01-j6.78603146396653089667e-01
  +6.95782520312603791623e-01-j7.03469224134383730451e-01
  +6.70277912161197031438e-01-j7.27592798977928723048e-01
  +6.43894586998380091813e-01-j7.50960558893308927075e-01
  +6.16632621042248363352e-01-j7.73557506217558255024e-01
  +5.88488410754427704319e-01-j7.95366204028145951099e-01
  +5.59454780348604518991e-01-j8.16365976239793234015e-01
  +5.29521187366043699640e-01-j8.36532063532326342070e-01
  +4.98674039897899046281e-01-j8.55834738389089744182e-01
  +4.66897141394756243216e-01-j8.74238384363557829992e-01
  +4.34172281524576098022e-01-j8.91700547364693063557e-01
  +4.00479994082672374756e-01-j9.08170970448410774800e-01
  +3.65800505315700685838e-01-j9.23590628525984835839e-01
  +3.30114897903730775131e-01-j9.37890785752625300020e-01
  +2.93406516848140785925e-01-j9.50992106323515384858e-01
  +2.55662643106494502643e-01-j9.62803859109021997753e-01
  +2.16876458315480302730e-01-j9.73223268034793087544e-01
  +1.77049318508790631821e-01-j9.82135073217248577571e-01
  +1.36193345377005836649e-01-j9.89411382207896594743e-01
  +9.43343292308439496097e-02-j9.94911905527841367025e-01
  +5.15149172953308157052e-02-j9.98484684751233531053e-01
  +7.79803329011918757580e-03-j9.99967432886196494479e-01
  -3.67295611854058512424e-02-j9.99189613171403423486e-01
  -8.19536960731416380677e-02-j9.95975380400492604771e-01
  -1.27729395336351386758e-01-j9.90147494627174662440e-01
  -1.73877888140196557032e-01-j9.81532286382442387129e-01
  -2.20184316719834960452e-01-j9.69965701370521626856e-01
  -2.66396473107669229385e-01-j9.55300378119235960028e-01
  -3.12224923527326780892e-01-j9.37413613628359287944e-01
  -3.57344877285138251555e-01-j9.16215952703341884877e-01
  -4.01400115026212089830e-01-j8.91660004323340915633e-01
  -4.44009199779819729859e-01-j8.63748956755051033873e-01
  -4.84774048591198825076e-01-j8.32544151431456103118e-01
  -5.23290745922636024723e-01-j7.98171006978963260003e-01
  -5.59162246057345435624e-01-j7.60822582701311311837e-01
  -5.92012365424341102660e-01-j7.20760154145461129360e-01
  -6.21500241612679804604e-01-j6.78310350452529520204e-01
  -6.47334273008384530890e-01-j6.33858666943508453073e-01
  -6.69284487601252253697e-01-j5.87839491863439311814e-01
  -6.87192345877101207208e-01-j5.40723132385718563420e-01
  -7.00977165787966316479e-01-j4.93000641150933394119e-01
  -7.10638649501746599846e-01-j4.45167480418530325803e-01
  -7.16255352750931884032e-01-j3.97707177448869020342e-01
  -7.17979315216161873003e-01-j3.51076103638392089668e-01
  -7.16027409061211539409e-01-j3.05690357491077757679e-01
  -7.10670216213280858675e-01-j2.61915476691491289074e-01
  -7.02219385043953092662e-01-j2.20059391594376985157e-01
  -6.91014437448678742193e-01-j1.80368710543281796088e-01
  -6.77409911894940042210e-01-j1.43028140479766141535e-01
  -6.61763565102216011482e-01-j1.08162625508276419306e-01
  -6.44426149360608935268e-01-j7.58416466440417491590e-02
  -6.25733067730644521021e-01-j4.60850678774857580589e-02
  -6.05998012556897336367e-01-j1.88699253456716675714e-02
  -5.85508531622276007234e-01+j5.86238042102050788823e-03
  -5.64523349096064941399e-01+j2.81989346268939032603e-02
  -5.43271195473576495871e-01+j4.82485385449595502450e-02
  -5.21950866757251108474e-01+j6.61355517012170990299e-02
  -5.00732230009081846767e-01+j8.19944825970088247979e-02
  -4.79757911077508369946e-01+j9.59653863138845014680e-02
  -4.59145432355383908973e-01+j1.08190067416421842328e-01
  -4.38989606891601658045e-01+j1.18809044330710211756e-01
  -4.19365034850290419044e-01+j1.27959204586827635097e-01
  -4.00328585681925808171e-01+j1.35772066032702809490e-01
  -3.81921782387473818243e-01+j1.42372554303320214553e-01
  -3.64173031982793771189e-01+j1.47878208666671007165e-01
  -3.47099668555118423541e-01+j1.52398734510351518967e-01
  -3.30709792490982035229e-01+j1.56035829326509334347e-01
  -3.15003902164655291696e-01+j1.58883218723548269580e-01
  -2.99976323336318184687e-01+j1.61026848785574133727e-01
  -2.85616447454654309723e-01+j1.62545190397059835519e-01
  -2.71909793665720045386e-01+j1.63509619591488963852e-01
  -2.58838911185789444236e-01+j1.63984845396345862989e-01
  -2.46384139287835562948e-01+j1.64029362988057286765e-01
  -2.34524241869534605387e-01+j1.63695915276671821736e-01
  -2.23236932716822655820e-01+j1.63031950396363450873e-01
  -2.12499306379333147143e-01+j1.62080066093227198598e-01
  -2.02288188197724871920e-01+j1.60878434792795621533e-01
  -1.92580415585569791892e-01+j1.59461205310218290254e-01
  -1.83353061249502707897e-01+j1.57858878841419747463e-01
  -1.74583607681704333636e-01+j1.56098658137426349324e-01
  -1.66250081008989469833e-01+j1.54204769697566246300e-01
  -1.58331151148295018460e-01+j1.52198759488907042758e-01
  -1.50806204204011973236e-01+j1.50099763166208183263e-01
  -1.43655392147337163111e-01+j1.47924752075446419575e-01
  -1.36859664034885392114e-01+j1.45688756512457412429e-01
  -1.30400782345356014424e-01+j1.43405067806494562754e-01
  -1.24261327428823800667e-01+j1.41085420830517282997e-01
  -1.18424692563409053592e-01+j1.38740158524245510430e-01
  -1.12875071688541037118e-01+j1.36378379967041801768e-01
  -1.07597441523507322825e-01+j1.34008073466451799183e-01
  -1.02577539475657841805e-01+j1.31636236043154219999e-01
  -9.78018384868502704821e-02+j1.29268980600268312831e-01
  -9.32575197524022764251e-02+j1.26911631969130411779e-01
  -8.89324440677892597007e-02+j1.24568812927953007086e-01
  -8.48151224094243899598e-02+j1.22244521196565703036e-01
  -8.08946862321829468501e-02+j1.19942198321214846257e-01
  -7.71608578641221204419e-02+j1.17664791279171718208e-01
  -7.36039212945807236332e-02+j1.15414807554200263273e-01
  -7.02146935825977425161e-02+j1.13194364361027990928e-01
  -6.69844970559764496532e-02+j1.11005232629874439620e-01
  -6.39051324251754676586e-02+j1.08848876300666780326e-01
  -6.09688528987841552031e-02+j1.06726487420658822103e-01
  -5.81683393572174287089e-02+j1.04639017488367888631e-01
  -5.54966766170895062227e-02+j1.02587205440824197344e-01
  -5.29473307995225392353e-02+j1.00571602639634105625e-01
  -5.05141278005821342534e-02+j9.85925951740532907630e-02
  -4.81912328502433554012e-02+j9.66504237656745091023e-02
  -4.59731311373186568581e-02+j9.47452015292311183758e-02
  -4.38546094710201908584e-02+j9.28769298169936918796e-02
  -4.18307389449044317309e-02+j9.10455123500647917067e-02
  -3.98968585655012850100e-02+j8.92507678182389713184e-02
  -3.80485598056768264952e-02+j8.74924411107466798443e-02
  -3.62816720414465970768e-02+j8.57702133228975122092e-02
  -3.45922488304467173892e-02+j8.40837106682208040853e-02
  -3.29765549902675467187e-02+j8.24325124118766294767e-02
  -3.14310544353866086476e-02+j8.08161579288209225291e-02
  -2.99523987322814211343e-02+j7.92341529792004728439e-02
  -2.85374163334188822583e-02+j7.76859752836482758687e-02
  -2.71831024521459012344e-02+j7.61710794723871598144e-02
  -2.58866095419380236320e-02+j7.46889014742356666110e-02
  -2.46452383450078797711e-02+j7.32388624046259595346e-02
  -2.34564294768580643147e-02+j7.18203720055079070095e-02
  -2.23177555149827108738e-02+j7.04328316844676644015e-02
  -2.12269135615088984370e-02+j6.90756371953902270633e-02
  -2.01817182511829298908e-02+j6.77481809985835126131e-02
  -1.91800951776317403497e-02+j6.64498543342921244026e-02
  -1.82200747123732360866e-02+j6.51800490400042259465e-02
  -1.72997861924705474690e-02+j6.39381591387611497579e-02
  -1.64174524541651212228e-02+j6.27235822228690148572e-02
</dep>
<dep S[1,1] frequency>
  -9.65239569313929401950e-01+j2.53174945212616353540e-01
  -9.63029183335676775002e-01+j2.61104585074566908354e-01
  -9.60724889057406938875e-01+j2.69100074581745007940e-01
  -9.58323800755410570851e-01+j2.77162333690846196532e-01
  -9.55822909221801020330e-01+j2.85292285285213442769e-01
  -9.53219075357473633048e-01+j2.93490853453644895410e-01
  -9.50509023387295703955e-01+j3.01758961539269898733e-01
  -9.47689333673797928981e-01+j3.10097529932406412723e-01
  -9.44756435104157188398e-01+j3.18507473578436006711e-01
  -9.41706597023833413829e-01+j3.26989699168318381783e-01
  -9.38535920688651992272e-01+j3.35545101975841475461e-01
  -9.35240330205544201370e-01+j3.44174562301456710145e-01
  -9.31815562930557117483e-01+j3.52878941478088015149e-01
  -9.28257159291131950241e-01+j3.61659077389042571404e-01
  -9.24560451997990973005e-01+j3.70515779442529447074e-01
  -9.20720554610398034256e-01+j3.79449822940779224467e-01
  -9.16732349417001435299e-01+j3.88461942774672552847e-01
  -9.12590474593013123439e-01+j3.97552826366623646148e-01
  -9.08289310593190513110e-01+j4.06723105775629201197e-01
  -9.03822965738925954149e-01+j4.15973348868175885062e-01
  -8.99185260956963494650e-01+j4.25304049447575327481e-01
  -8.94369713626777418369e-01+j4.34715616221536149677e-01
  -8.89369520493600740352e-01+j4.44208360473873575813e-01
  -8.84177539604788176320e-01+j4.53782482290217281662e-01
  -8.78786271228465531991e-01+j4.63438055170229179502e-01
  -8.73187837715905690317e-01+j4.73175008838770116970e-01
  -8.67373962272495746539e-01+j4.82993110046681661807e-01
  -8.61335946607351354842e-01+j4.92891941126996857570e-01
  -8.55064647438490199605e-01+j5.02870876045048653680e-01
  -8.48550451839751307404e-01+j5.12929053650122313002e-01
  -8.41783251427588474769e-01+j5.23065347802376900965e-01
  -8.34752415401429193054e-01+j5.33278334010542032217e-01
  -8.27446762470680829971e-01+j5.43566252174074171499e-01
  -8.19854531726318724871e-01+j5.53926964976516944539e-01
  -8.11963352545506666935e-01+j5.64357911425509728431e-01
  -8.03760213655895339180e-01+j5.74856054978039821002e-01
  -7.95231431533164445646e-01+j5.85417825627310373093e-01
  -7.86362618362900334112e-01+j5.96039055259672378995e-01
  -7.77138649868311826019e-01+j6.06714905516176461475e-01
  -7.67543633390820656537e-01+j6.17439787313754595566e-01
  -7.57560876714408970578e-01+j6.28207271095840402708e-01
  -7.47172858249986027168e-01+j6.39009986792109851983e-01
  -7.36361199347230765966e-01+j6.49839512372904493098e-01
  -7.25106639682788545187e-01+j6.60686249787509338738e-01
  -7.13389016890960903083e-01+j6.71539286978866223343e-01
  -7.01187251862280147563e-01+j6.82386244574125999662e-01
  -6.88479341443535619582e-01+j6.93213105765219439469e-01
  -6.75242360637864580397e-01+j7.04004027822687006299e-01
  -6.61452476834265667982e-01+j7.14741133637863623740e-01
  -6.47084979101575585858e-01+j7.25404281674378537126e-01
  -6.32114326172720120134e-01+j7.35970812744537794536e-01
  -6.16514217430921163121e-01+j7.46415272128363005422e-01
  -6.00257692000362719220e-01+j7.56709105747071730796e-01
  -5.83317261947905563169e-01+j7.66820329419278245986e-01
  -5.65665086625675161969e-01+j7.76713170705339628341e-01
  -5.47273196327874300593e-01+j7.86347683530581043065e-01
  -5.28113774693777404678e-01+j7.95679336728920882926e-01
  -5.08159510645640022375e-01+j8.04658578934666635085e-01
  -4.87384032074506201582e-01+j8.13230383953018276522e-01
  -4.65762434925309554146e-01+j8.21333782954488555994e-01
  -4.43271922704348564359e-01+j8.28901392670170378274e-01
  -4.19892572616717973943e-01+j8.35858952328373594476e-01
  -3.95608245369663324986e-01+j8.42124886484895252003e-01
  -3.70407655918128908556e-01+j8.47609916267166862980e-01
  -3.44285621773721906003e-01+j8.52216747959466669471e-01
  -3.17244503552016388070e-01+j8.55839875336164235264e-01
  -2.89295848702385394180e-01+j8.58365540650626090979e-01
  -2.60462243255343173232e-01+j8.59671908527464889715e-01
  -2.30779367254544121035e-01+j8.59629516811551974698e-01
  -2.00298236576908789131e-01+j8.58102078062391360191e-01
  -1.69087596359579345195e-01+j8.54947713867748038119e-01
  -1.37236408639805074205e-01+j8.50020710083363661980e-01
  -1.04856348752283418113e-01+j8.43173882600660729025e-01
  -7.20841917092401862632e-02+j8.34261637915394316245e-01
  -3.90839322084528262291e-02+j8.23143797797989629217e-01
  -6.04844220802544518811e-03+j8.09690229693444396553e-01
  +2.67995682195976692164e-02+j7.93786281190036913102e-01
  +5.92075524679711862053e-02+j7.75338955817133967940e-01
  +9.08943746808589247976e-02+j7.54283687967699956189e-01
  +1.21553081210988317418e-01+j7.30591478886106759916e-01
  +1.50855438539965164280e-01+j7.04276049055449160363e-01
  +1.78458404315329943746e-01+j6.75400555053853990373e-01
  +2.04012578140235628643e-01+j6.44083325774331250102e-01
  +2.27172515057659507587e-01+j6.10502012373985825100e-01
  +2.47608586097620486655e-01+j5.74895538555365570588e-01
  +2.65019855164321305185e-01+j5.37563300748179040411e-01
  +2.79147237516218893472e-01+j4.98861212458901193134e-01
  +2.89786046032158683960e-01+j4.59194412638240900826e-01
  +2.96796951924220286934e-01+j4.19006748156458885823e-01
  +3.00114414168392240612e-01+j3.78767463235835433188e-01
  +2.99751779496483572451e-01+j3.38955839475471809585e-01
  +2.95802514646511083285e-01+j3.00044779729671640123e-01
  +2.88437375187221844985e-01+j2.62484473989262945270e-01
  +2.77897693469327911053e-01+j2.26687297853113978174e-01
  +2.64485326480510651859e-01+j1.93014969422930005027e-01
  +2.48550090237814325089e-01+j1.61768748352415614455e-01
  +2.30475682775313772677e-01+j1.33183141246122072054e-01
  +2.10665146152645643696e-01+j1.07423231354001502691e-01
  +1.89526845547641542566e-01+j8.45854279112543405716e-02
  +1.67461775701891690815e-01+j6.47011716878794773677e-02
  +1.44852778340816668035e-01+j4.77429621631688672068e-02
  +1.22056007756887296978e-01+j3.36319942441748453987e-02
  +9.93947495667830693833e-02+j2.22466994139263740671e-02
  +7.71555040167883898761e-02+j1.34315583307156594106e-02
  +5.55861030613241657861e-02+j7.00566558928716887067e-03
  +3.48955423988883683961e-02+j2.77065964322060348524e-03
  +1.52551706187217250843e-02+j5.17762847014123506195e-04
  -3.19912209644779288453e-03+j3.37948879682026248616e-05
  -2.03640450607758261015e-02+j1.10611993714787582022e-03
  -3.61656621870005690056e-02+j3.52656090454447901372e-03
  -5.05559925179013269769e-02+j7.09436402637692031803e-03
  -6.35096341027454602823e-02+j1.16183266229897275146e-02
  -7.50205395816984088597e-02+j1.69182142552127823265e-02
  -8.50990288905014713450e-02+j2.28255948715969103624e-02
  -9.37690892489854155301e-02+j2.91842107175671605646e-02
  -1.01065985067718966395e-01+j3.58499969742839263986e-02
  -1.07034179944654139760e-01+j4.26908417906676218578e-02
  -1.11725558528003532377e-01+j4.95861673554631732230e-02
  -1.15197926575248354997e-01+j5.64263971217490167831e-02
  -1.17513761954340212323e-01+j6.31123609645118932576e-02
  -1.18739186640206273449e-01+j6.95546782908302851922e-02
  -1.18943129138769088105e-01+j7.56731490524891192706e-02
  -1.18196647564359630378e-01+j8.13961741932598403793e-02
  -1.16572385297392763781e-01+j8.66602201626847090665e-02
  -1.14144133382137552557e-01+j9.14093365632555610034e-02
  -1.10986476322471203093e-01+j9.55947315709985145915e-02
  -1.07174500516324822108e-01+j9.91744062888894051255e-02
  -1.02783547122524077100e-01+j1.02112846484068264807e-01
  -9.78889936110092506727e-02+j1.04380768072824370307e-01
  -9.25660505773347186409e-02+j1.05954911127130402271e-01
  -8.68895625958585604565e-02+j1.06817875983568733034e-01
  -8.09338039481984350410e-02+j1.06957994163883407523e-01
  -7.47722620062912790573e-02+j1.06369226210597855875e-01
  -6.84774028869782336315e-02+j1.05051078162866518007e-01
  -6.21204157396316181128e-02+j1.03008528222973572142e-01
  -5.57709336882997730456e-02+j1.00251955178762952592e-01
  -4.94967310275548078025e-02+j9.67970603455069467103e-02
  -4.33633977623572031135e-02+j9.26647751699867239239e-02
  -3.74339939760731654772e-02+j8.78811471988228398722e-02
  -3.17686877899852060381e-02+j8.24771978501458447042e-02
  -2.64243818203343527884e-02+j7.64887463362116659660e-02
  -2.14543340191307718712e-02+j6.99561951534489745441e-02
  -1.69077795758824089845e-02+j6.29242737669815643820e-02
  -1.28295611321056490794e-02+j5.54417384433633642082e-02
  -9.25977489615303905879e-03+j4.75610275945110294593e-02
  -6.23344032432460171123e-03+j3.93378734474150171252e-02
  -3.78020084541597078953e-03+j3.08308723018879404787e-02
  -1.92406264905264912102e-03+j2.21010170326804422647e-02
  -6.83177843220916791722e-04+j1.32111967814316291769e-02
  -6.96773343461520866526e-05+j4.22566991824348259232e-03
  -8.95576263061359512108e-05-j4.79048271365596634030e-03
  -7.42624414531323218114e-04-j1.37719165625895256788e-02
  -2.02249441840529620151e-03-j2.26535860097924202083e-02
  -3.91665540488694841059e-03-j3.13713026172255105006e-02
  -6.40658286818873712321e-03-j3.98622808675181683480e-02
  -9.46791040264349792466e-03-j4.80656637243250528524e-02
  -1.30706494946302154148e-02-j5.59230210514683745426e-02
  -1.71794533140754435152e-02-j6.33788148767722714361e-02
  -2.17539181481030130527e-02-j7.03808266318395325811e-02
  -2.67489154200905021597e-02-j7.68805427963039078598e-02
  -3.21149467972235980184e-02-j8.28334967739641214735e-02
  -3.77985147177283264952e-02-j8.81995662776514088854e-02
  -4.37425007638531093690e-02-j9.29432269498262075835e-02
  -4.98865446579707105812e-02-j9.70337643511611225300e-02
  -5.61674172481613220853e-02-j1.00445447769654250258e-01
  -6.25193816531710577777e-02-j1.03157670505189424937e-01
  -6.88745377278591197623e-02-j1.05155062343739169606e-01
  -7.51631461622027652325e-02-j1.06427580833443613528e-01
  -8.13139298139633481810e-02-j1.06970588700855295805e-01
  -8.72543512754136441067e-02-j1.06784925293639365584e-01
  -9.29108671714055645019e-02-j1.05876980303961198970e-01
  -9.82091612689134363379e-02-j1.04258778213690450620e-01
  -1.03074360143368543019e-01-j1.01948081905659848623e-01
  -1.07431236897211707104e-01-j9.89685236982980054421e-02
  -1.11204410269823292245e-01-j9.53497716692462971011e-02
  -1.14318548427915056553e-01-j9.11277385123399064071e-02
  -1.16698588795487750991e-01-j8.63448392825000299311e-02
  -1.18269987484493771523e-01-j8.10503031676260699001e-02
  -1.18959014225705650425e-01-j7.53005428084884131934e-02
  -1.18693111163790665508e-01-j6.91595825655638707374e-02
  -1.17401336437827352732e-01-j6.26995443795932416720e-02
  -1.15014916049934134978e-01-j5.60011863381020269514e-02
  -1.11467930012245974858e-01-j4.91544845676717967464e-02
  -1.06698160970914945889e-01-j4.22592434287781815172e-02
  -1.00648135162256180397e-01-j3.54257119997483105323e-02
  -9.32663862774666396760e-02-j2.87751763182101383265e-02
  -8.45089720826364132478e-02-j2.24404866728036833656e-02
  -7.43412707922272986139e-02-j1.65664673725365307888e-02
  -6.27400783983751431094e-02-j1.13101430002230385341e-02
  -4.96960184344908961762e-02-j6.84070056623808930851e-03
  -3.52162609082999900068e-02-j3.33909196618020764902e-03
  -1.93275262611104503563e-02-j9.97166939134319640914e-04
  -2.07932221106132963939e-03-j1.62151519052938786203e-05
  +1.64526744030881744152e-02-j6.04789624700272088198e-04
  +3.61632220713349328278e-02-j2.97568571370413620381e-03
  +5.69142865455261048879e-02-j7.34196414767399052614e-03
  +7.85322150651254213827e-02-j1.39119373819321656693e-02
  +1.00805600233481729155e-01-j2.28830897603687632991e-02
  +1.23484165266440681918e-01-j3.44349765425494558357e-02
  +1.46279029126467952082e-01-j4.87212453698909753186e-02
  +1.68864708212417169442e-01-j6.58610431917435179550e-02
  +1.90883169424548082560e-01-j8.59302041047865228229e-02
  +2.11950158077118866462e-01-j1.08952745291380048709e-01
  +2.31663878580922355521e-01-j1.34893310029165214292e-01
  +2.49615909267584978881e-01-j1.63651265471530193985e-01
  +2.65403998827617060297e-01-j1.95057165062243687004e-01
  +2.78646145557762237033e-01-j2.28872202214901176998e-01
  +2.88995136491460580253e-01-j2.64791104889537998179e-01
  +2.96152560671252063074e-01-j3.02448657026542555570e-01
  +2.99881245448176458890e-01-j3.41429707393048842423e-01
  +3.00015121068204326793e-01-j3.81282180282967397833e-01
  +2.96465701883553811591e-01-j4.21532286397281075185e-01
  +2.89224664233333872421e-01-j4.61700896480892575280e-01
  +2.78362362149287168034e-01-j5.01319923801115008288e-01
  +2.64022499649912367747e-01-j5.39947582691521765774e-01
  +2.46413517055863062755e-01-j5.77181542863433705293e-01
  +2.25797502224275359328e-01-j6.12669254040148825169e-01
  +2.02477577647480672107e-01-j6.46115028450514716774e-01
  +1.76784734689714395639e-01-j6.77283790648447792115e-01
  +1.49065000792699131615e-01-j7.06001691099998884837e-01
  +1.19667662559252985233e-01-j7.32154000797624382457e-01
  +8.89350619526442509599e-02-j7.55680843617237085752e-01
  +5.71942680704575212580e-02-j7.76571381243867153721e-01
  +2.47507301275101676552e-02-j7.94857053848488259717e-01
  -8.11614383740774658627e-03-j8.10604416532833105258e-01
  -4.11556552032872335900e-02-j8.23908016987364710815e-01
  -7.41469755975109889867e-02-j8.34883652197556669350e-01
  -1.06899079915920069972e-01-j8.43662235853695596788e-01
  -1.39249734264366181735e-01-j8.50384413169175901182e-01
  -1.71063802891479960211e-01-j8.55195981473526822825e-01
  -2.02231106139102473351e-01-j8.58244115021693065870e-01
  -2.32664022980449164413e-01-j8.59674350226254158081e-01
  -2.62294992053786202302e-01-j8.59628260732522853083e-01
  -2.91074027737216634026e-01-j8.58241737477241195542e-01
  -3.18966334801239925767e-01-j8.55643784049522349022e-01
  -3.45950077456897542305e-01-j8.51955739510898868438e-01
  -3.72014336339252293939e-01-j8.47290846974420364113e-01
  -3.97157269784764843656e-01-j8.41754094836529520585e-01
  -4.21384483056973069282e-01-j8.35442267226102486255e-01
  -4.44707600220050736084e-01-j8.28444150027227932398e-01
  -4.67143027419187173432e-01-j8.20840848128188027566e-01
  -4.88710892723934586801e-01-j8.12706177989738653977e-01
  -5.09434145838936980333e-01-j8.04107107038513402308e-01
  -5.29337800398256952406e-01-j7.95104217731649964840e-01
  -5.48448301844572605468e-01-j7.85752179444037079925e-01
  -5.66793004751635853822e-01-j7.76100215684644267888e-01
  -5.84399744648811947378e-01-j7.66192557662835338483e-01
  -6.01296490785503734422e-01-j7.56068878015316303554e-01
  -6.17511067712935179941e-01-j7.45764700683755332733e-01
  -6.33070934981869393177e-01-j7.35311784607419971493e-01
  -6.48003015606442800411e-01-j7.24738480157835596174e-01
  -6.62333565195893370081e-01-j7.14070058174911981297e-01
  -6.76088074791943549613e-01-j7.03329012134589537375e-01
  -6.89291201465564551398e-01-j6.92535334443799888149e-01
  -7.01966721623266676211e-01-j6.81706768166411625209e-01
  -7.14137502757320796754e-01-j6.70859035671166337167e-01
  -7.25825490053758959341e-01-j6.60006045790001216744e-01
  -7.37051704857223155543e-01-j6.49160081106164743581e-01
  -7.47836252492428243954e-01-j6.38331966974869491338e-01
  -7.58198337368330643748e-01-j6.27531223829357109878e-01
  -7.68156283652276505869e-01-j6.16766204253224592513e-01
  -7.77727560106454940403e-01-j6.06044216213939779259e-01
  -7.86928807935246776850e-01-j5.95371633758922658153e-01
  -7.95775870706896260032e-01-j5.84753996379025808849e-01
  -8.04283825592498780033e-01-j5.74196098147787714616e-01
  -8.12467015314481288968e-01-j5.63702067651056348829e-01
  -8.20339080320873659247e-01-j5.53275439631630394643e-01
  -8.27912990804179349524e-01-j5.42919219188803037213e-01
  -8.35201078268170915564e-01-j5.32635939293411686535e-01
  -8.42215066415474611361e-01-j5.22427712305522762293e-01
  -8.48966101185620214409e-01-j5.12296276114352355791e-01
  -8.55464779819551046636e-01-j5.02243035458023068252e-01
  -8.61721178864230274996e-01-j4.92269098924454973076e-01
  -8.67744881061190631577e-01-j4.82375312083436924571e-01
  -8.73545001087213224267e-01-j4.72562287153600490974e-01
  -8.79130210134635103891e-01-j4.62830429566092604876e-01
  -8.84508759333915040024e-01-j4.53179961749160753470e-01
  -8.89688502032974226630e-01-j4.43610944423843023277e-01
  -8.94676914956861524253e-01-j4.34123295670584274930e-01
  -8.99481118278114721853e-01-j4.24716807999242440541e-01
  -9.04107894633135567020e-01-j4.15391163630469795187e-01
  -9.08563707123398955900e-01-j4.06145948174600812663e-01
  -9.12854716342581751221e-01-j3.96980662874529655060e-01
  -9.16986796472073817377e-01-j3.87894735561473635865e-01
  -9.20965550487806261515e-01-j3.78887530457004961804e-01
  -9.24796324521408141806e-01-j3.69958356940526311707e-01
  -9.28484221418115929225e-01-j3.61106477389010360746e-01
  -9.32034113533045438516e-01-j3.52331114184542826262e-01
  -9.35450654806319725765e-01-j3.43631455975250021950e-01
  -9.38738292156174658487e-01-j3.35006663266264992362e-01
  -9.41901276227764649995e-01-j3.26455873409413455111e-01
  -9.44943671533797657780e-01-j3.17978205053143780923e-01
  -9.47869366021553139134e-01-j3.09572762107852561542e-01
  -9.50682080099175985666e-01-j3.01238637276134202381e-01
  -9.53385375152564162882e-01-j2.92974915192251272877e-01
  -9.55982661582492898589e-01-j2.84780675210705103151e-01
  -9.58477206390122127289e-01-j2.76654993879587862704e-01
  -9.60872140337409752497e-01-j2.68596947130868457521e-01
  -9.63170464707562845597e-01-j2.60605612216351034682e-01
  -9.65375057689156768070e-01-j2.52680069415265162736e-01
</dep>
