<Qucs Dataset 1.0.7>
<indep L1 1>
  +8.93000000000000043743e-03
</indep>
<indep L2 1>
  +8.77999999999999961031e-03
</indep>
<indep S1 1>
  +1.02999999999999996398e-04
</indep>
<indep S2 1>
  +5.09999999999999928217e-04
</indep>
<indep W1 1>
  +7.59999999999999933421e-04
</indep>
<indep W2 1>
  +1.08000000000000001381e-03
</indep>
<indep frequency 300>
  +4.25000000000000000000e+09
  +4.25501672240802669525e+09
  +4.26003344481605339050e+09
  +4.26505016722408008575e+09
  +4.27006688963210725784e+09
  +4.27508361204013395309e+09
  +4.28010033444816064835e+09
  +4.28511705685618734360e+09
  +4.29013377926421403885e+09
  +4.29515050167224121094e+09
  +4.30016722408026790619e+09
  +4.30518394648829460144e+09
  +4.31020066889632129669e+09
  +4.31521739130434799194e+09
  +4.32023411371237468719e+09
  +4.32525083612040138245e+09
  +4.33026755852842807770e+09
  +4.33528428093645477295e+09
  +4.34030100334448146820e+09
  +4.34531772575250816345e+09
  +4.35033444816053485870e+09
  +4.35535117056856155396e+09
  +4.36036789297658824921e+09
  +4.36538461538461494446e+09
  +4.37040133779264259338e+09
  +4.37541806020066928864e+09
  +4.38043478260869598389e+09
  +4.38545150501672267914e+09
  +4.39046822742474937439e+09
  +4.39548494983277606964e+09
  +4.40050167224080276489e+09
  +4.40551839464882946014e+09
  +4.41053511705685615540e+09
  +4.41555183946488285065e+09
  +4.42056856187290954590e+09
  +4.42558528428093624115e+09
  +4.43060200668896293640e+09
  +4.43561872909698963165e+09
  +4.44063545150501632690e+09
  +4.44565217391304302216e+09
  +4.45066889632107067108e+09
  +4.45568561872909736633e+09
  +4.46070234113712406158e+09
  +4.46571906354515075684e+09
  +4.47073578595317745209e+09
  +4.47575250836120414734e+09
  +4.48076923076923084259e+09
  +4.48578595317725753784e+09
  +4.49080267558528423309e+09
  +4.49581939799331092834e+09
  +4.50083612040133762360e+09
  +4.50585284280936431885e+09
  +4.51086956521739101410e+09
  +4.51588628762541770935e+09
  +4.52090301003344440460e+09
  +4.52591973244147109985e+09
  +4.53093645484949874878e+09
  +4.53595317725752544403e+09
  +4.54096989966555213928e+09
  +4.54598662207357883453e+09
  +4.55100334448160552979e+09
  +4.55602006688963222504e+09
  +4.56103678929765892029e+09
  +4.56605351170568561554e+09
  +4.57107023411371231079e+09
  +4.57608695652173900604e+09
  +4.58110367892976570129e+09
  +4.58612040133779239655e+09
  +4.59113712374581909180e+09
  +4.59615384615384578705e+09
  +4.60117056856187248230e+09
  +4.60618729096990013123e+09
  +4.61120401337792682648e+09
  +4.61622073578595352173e+09
  +4.62123745819398021698e+09
  +4.62625418060200691223e+09
  +4.63127090301003360748e+09
  +4.63628762541806030273e+09
  +4.64130434782608699799e+09
  +4.64632107023411369324e+09
  +4.65133779264214038849e+09
  +4.65635451505016708374e+09
  +4.66137123745819377899e+09
  +4.66638795986622047424e+09
  +4.67140468227424716949e+09
  +4.67642140468227386475e+09
  +4.68143812709030056000e+09
  +4.68645484949832725525e+09
  +4.69147157190635490417e+09
  +4.69648829431438159943e+09
  +4.70150501672240829468e+09
  +4.70652173913043498993e+09
  +4.71153846153846168518e+09
  +4.71655518394648838043e+09
  +4.72157190635451507568e+09
  +4.72658862876254177094e+09
  +4.73160535117056846619e+09
  +4.73662207357859516144e+09
  +4.74163879598662185669e+09
  +4.74665551839464855194e+09
  +4.75167224080267524719e+09
  +4.75668896321070194244e+09
  +4.76170568561872863770e+09
  +4.76672240802675628662e+09
  +4.77173913043478298187e+09
  +4.77675585284280967712e+09
  +4.78177257525083637238e+09
  +4.78678929765886306763e+09
  +4.79180602006688976288e+09
  +4.79682274247491645813e+09
  +4.80183946488294315338e+09
  +4.80685618729096984863e+09
  +4.81187290969899654388e+09
  +4.81688963210702323914e+09
  +4.82190635451504993439e+09
  +4.82692307692307662964e+09
  +4.83193979933110332489e+09
  +4.83695652173913002014e+09
  +4.84197324414715766907e+09
  +4.84698996655518341064e+09
  +4.85200668896321105957e+09
  +4.85702341137123775482e+09
  +4.86204013377926445007e+09
  +4.86705685618729114532e+09
  +4.87207357859531784058e+09
  +4.87709030100334453583e+09
  +4.88210702341137123108e+09
  +4.88712374581939792633e+09
  +4.89214046822742462158e+09
  +4.89715719063545131683e+09
  +4.90217391304347801208e+09
  +4.90719063545150470734e+09
  +4.91220735785953140259e+09
  +4.91722408026755905151e+09
  +4.92224080267558479309e+09
  +4.92725752508361244202e+09
  +4.93227424749163913727e+09
  +4.93729096989966583252e+09
  +4.94230769230769252777e+09
  +4.94732441471571922302e+09
  +4.95234113712374591827e+09
  +4.95735785953177261353e+09
  +4.96237458193979930878e+09
  +4.96739130434782600403e+09
  +4.97240802675585269928e+09
  +4.97742474916387939453e+09
  +4.98244147157190608978e+09
  +4.98745819397993278503e+09
  +4.99247491638795948029e+09
  +4.99749163879598617554e+09
  +5.00250836120401382446e+09
  +5.00752508361204051971e+09
  +5.01254180602006721497e+09
  +5.01755852842809391022e+09
  +5.02257525083612060547e+09
  +5.02759197324414730072e+09
  +5.03260869565217399597e+09
  +5.03762541806020069122e+09
  +5.04264214046822738647e+09
  +5.04765886287625408173e+09
  +5.05267558528428077698e+09
  +5.05769230769230747223e+09
  +5.06270903010033416748e+09
  +5.06772575250836086273e+09
  +5.07274247491638755798e+09
  +5.07775919732441520691e+09
  +5.08277591973244094849e+09
  +5.08779264214046859741e+09
  +5.09280936454849529266e+09
  +5.09782608695652198792e+09
  +5.10284280936454868317e+09
  +5.10785953177257537842e+09
  +5.11287625418060207367e+09
  +5.11789297658862876892e+09
  +5.12290969899665546417e+09
  +5.12792642140468215942e+09
  +5.13294314381270885468e+09
  +5.13795986622073554993e+09
  +5.14297658862876224518e+09
  +5.14799331103678894043e+09
  +5.15301003344481563568e+09
  +5.15802675585284233093e+09
  +5.16304347826086997986e+09
  +5.16806020066889667511e+09
  +5.17307692307692337036e+09
  +5.17809364548495006561e+09
  +5.18311036789297676086e+09
  +5.18812709030100345612e+09
  +5.19314381270903015137e+09
  +5.19816053511705684662e+09
  +5.20317725752508354187e+09
  +5.20819397993311023712e+09
  +5.21321070234113693237e+09
  +5.21822742474916362762e+09
  +5.22324414715719032288e+09
  +5.22826086956521701813e+09
  +5.23327759197324371338e+09
  +5.23829431438127136230e+09
  +5.24331103678929805756e+09
  +5.24832775919732475281e+09
  +5.25334448160535144806e+09
  +5.25836120401337814331e+09
  +5.26337792642140483856e+09
  +5.26839464882943153381e+09
  +5.27341137123745822906e+09
  +5.27842809364548492432e+09
  +5.28344481605351161957e+09
  +5.28846153846153831482e+09
  +5.29347826086956501007e+09
  +5.29849498327759170532e+09
  +5.30351170568561840057e+09
  +5.30852842809364509583e+09
  +5.31354515050167274475e+09
  +5.31856187290969848633e+09
  +5.32357859531772613525e+09
  +5.32859531772575283051e+09
  +5.33361204013377952576e+09
  +5.33862876254180622101e+09
  +5.34364548494983291626e+09
  +5.34866220735785961151e+09
  +5.35367892976588630676e+09
  +5.35869565217391300201e+09
  +5.36371237458193969727e+09
  +5.36872909698996639252e+09
  +5.37374581939799308777e+09
  +5.37876254180601978302e+09
  +5.38377926421404647827e+09
  +5.38879598662207412720e+09
  +5.39381270903009986877e+09
  +5.39882943143812751770e+09
  +5.40384615384615325928e+09
  +5.40886287625418090820e+09
  +5.41387959866220760345e+09
  +5.41889632107023429871e+09
  +5.42391304347826099396e+09
  +5.42892976588628768921e+09
  +5.43394648829431438446e+09
  +5.43896321070234107971e+09
  +5.44397993311036777496e+09
  +5.44899665551839447021e+09
  +5.45401337792642116547e+09
  +5.45903010033444786072e+09
  +5.46404682274247455597e+09
  +5.46906354515050125122e+09
  +5.47408026755852890015e+09
  +5.47909698996655464172e+09
  +5.48411371237458229065e+09
  +5.48913043478260898590e+09
  +5.49414715719063568115e+09
  +5.49916387959866237640e+09
  +5.50418060200668907166e+09
  +5.50919732441471576691e+09
  +5.51421404682274246216e+09
  +5.51923076923076915741e+09
  +5.52424749163879585266e+09
  +5.52926421404682254791e+09
  +5.53428093645484924316e+09
  +5.53929765886287593842e+09
  +5.54431438127090263367e+09
  +5.54933110367893028259e+09
  +5.55434782608695602417e+09
  +5.55936454849498367310e+09
  +5.56438127090301036835e+09
  +5.56939799331103706360e+09
  +5.57441471571906375885e+09
  +5.57943143812709045410e+09
  +5.58444816053511714935e+09
  +5.58946488294314384460e+09
  +5.59448160535117053986e+09
  +5.59949832775919723511e+09
  +5.60451505016722393036e+09
  +5.60953177257525062561e+09
  +5.61454849498327732086e+09
  +5.61956521739130401611e+09
  +5.62458193979933166504e+09
  +5.62959866220735740662e+09
  +5.63461538461538505554e+09
  +5.63963210702341079712e+09
  +5.64464882943143844604e+09
  +5.64966555183946514130e+09
  +5.65468227424749183655e+09
  +5.65969899665551853180e+09
  +5.66471571906354522705e+09
  +5.66973244147157192230e+09
  +5.67474916387959861755e+09
  +5.67976588628762531281e+09
  +5.68478260869565200806e+09
  +5.68979933110367870331e+09
  +5.69481605351170539856e+09
  +5.69983277591973209381e+09
  +5.70484949832775878906e+09
  +5.70986622073578643799e+09
  +5.71488294314381217957e+09
  +5.71989966555183982849e+09
  +5.72491638795986652374e+09
  +5.72993311036789321899e+09
  +5.73494983277591991425e+09
  +5.73996655518394660950e+09
  +5.74498327759197330475e+09
  +5.75000000000000000000e+09
</indep>
<dep S11_dB frequency>
  -1.30418124915068281422e-02
  -1.33239725973415198967e-02
  -1.36192226016304627351e-02
  -1.39283238922831391349e-02
  -1.42520890722359818564e-02
  -1.45913858384730758116e-02
  -1.49471411870215585560e-02
  -1.53203459740152477669e-02
  -1.57120598659659764518e-02
  -1.61234167156429249179e-02
  -1.65556304038362543662e-02
  -1.70100011912596993380e-02
  -1.74879226295574716210e-02
  -1.79908890854399497461e-02
  -1.85205039376909325055e-02
  -1.90784885129749517962e-02
  -1.96666918337395600636e-02
  -2.02871012590970095646e-02
  -2.09418541083851647566e-02
  -2.16332503671710779658e-02
  -2.23637665861134739276e-02
  -2.31360710956629231361e-02
  -2.39530406731288218747e-02
  -2.48177788142204917843e-02
  -2.57336357783322575155e-02
  -2.67042305964474563362e-02
  -2.77334752520155686240e-02
  -2.88256012701986925884e-02
  -2.99851889779088817689e-02
  -3.12171997285963127855e-02
  -3.25270114205359617277e-02
  -3.39204576770743629344e-02
  -3.54038711015566068263e-02
  -3.69841310706990958335e-02
  -3.86687165863722551173e-02
  -4.04657647709434700745e-02
  -4.23841356640307642678e-02
  -4.44334840612155002049e-02
  -4.66243392292481212413e-02
  -4.89681934389320158707e-02
  -5.14776003772139043035e-02
  -5.41662846381117946137e-02
  -5.70492636476031822479e-02
  -6.01429835557743402985e-02
  -6.34654708310640608415e-02
  -6.70365015218141735431e-02
  -7.08777904122118163066e-02
  -7.50132025975860788902e-02
  -7.94689903440870537565e-02
  -8.42740584841832202079e-02
  -8.94602620399287951081e-02
  -9.50627402670112531258e-02
  -1.01120291882959484342e-01
  -1.07675796890101246883e-01
  -1.14776691140065209562e-01
  -1.22475500620153582298e-01
  -1.30830443385007016976e-01
  -1.39906108122780148406e-01
  -1.49774219543347464345e-01
  -1.60514502121098134868e-01
  -1.72215655226260061506e-01
  -1.84976454346153895703e-01
  -1.98906994936068004520e-01
  -2.14130097449360845552e-01
  -2.30782894268420746275e-01
  -2.49018621572538317865e-01
  -2.69008641596791220341e-01
  -2.90944723196131516119e-01
  -3.15041611037693847219e-01
  -3.41539915964644502644e-01
  -3.70709360912548135936e-01
  -4.02852417952592245509e-01
  -4.38308372227151854528e-01
  -4.77457847267132695634e-01
  -5.20727822841563381395e-01
  -5.68597170338055235561e-01
  -6.21602720796125884917e-01
  -6.80345866046543346073e-01
  -7.45499672733662910318e-01
  -8.17816461047857212741e-01
  -8.98135763550543919642e-01
  -9.87392533598797750294e-01
  -1.08662541723142003214e+00
  -1.19698483770262797954e+00
  -1.31974057057347060606e+00
  -1.45628841428333744012e+00
  -1.60815549461006046528e+00
  -1.77700369361296539594e+00
  -1.96463068128581075378e+00
  -2.17296807223131738240e+00
  -2.40407635420969079121e+00
  -2.66013646457776786747e+00
  -2.94343824440009083077e+00
  -3.25636648842553722005e+00
  -3.60138592650764000069e+00
  -3.98102719309115826718e+00
  -4.39787662194646955527e+00
  -4.85457348898896334788e+00
  -5.35381907013283164787e+00
  -5.89840257287304403633e+00
  -6.49124970024545433489e+00
  -7.13550048722820928759e+00
  -7.83462444620879061574e+00
  -8.59258353004357111615e+00
  -9.41405787212110567452e+00
  -1.03047571789568976897e+01
  -1.12718546139577409093e+01
  -1.23246048157114795885e+01
  -1.34752528506694062571e+01
  -1.47404265129330891426e+01
  -1.61433759089440229673e+01
  -1.77177927799410852572e+01
  -1.95148060155114748682e+01
  -2.16170143681354005594e+01
  -2.41703024543945943492e+01
  -2.74700424110649485954e+01
  -3.22743402659195623983e+01
  -4.19703069677462963227e+01
  -4.27845583532027902152e+01
  -3.36991295452210763983e+01
  -2.97043280383446095527e+01
  -2.72443123997856950780e+01
  -2.55412250168452601429e+01
  -2.42943967310572332963e+01
  -2.33560519498186671683e+01
  -2.26428945945171911092e+01
  -2.21036631348986958301e+01
  -2.17048949298289173271e+01
  -2.14238782198829156300e+01
  -2.12448479876914291253e+01
  -2.11568007760084100255e+01
  -2.11521860668680758977e+01
  -2.12261080927852248124e+01
  -2.13758480259460945661e+01
  -2.16006063815374034220e+01
  -2.19014163503155820933e+01
  -2.22812124722784155040e+01
  -2.27450676441041110820e+01
  -2.33006442886211857513e+01
  -2.39589542064765126383e+01
  -2.47356066984867624114e+01
  -2.56528898010416028796e+01
  -2.67433797843851195353e+01
  -2.80565880053466507604e+01
  -2.96722672562471387891e+01
  -3.17303428083878671373e+01
  -3.45107982189471300671e+01
  -3.87155713399702179345e+01
  -4.72481882733347546832e+01
  -4.96504499920450186323e+01
  -3.95248321285470751718e+01
  -3.49519757140449911503e+01
  -3.19947638237499916158e+01
  -2.98233559451475791491e+01
  -2.81220718777526741405e+01
  -2.67368771491957843978e+01
  -2.55811118216633772704e+01
  -2.46012892219911378788e+01
  -2.37621991538886980777e+01
  -2.30395643603063220439e+01
  -2.24160810174714981713e+01
  -2.18791352507215961509e+01
  -2.14194173851009459497e+01
  -2.10300490598008451570e+01
  -2.07060203612580409072e+01
  -2.04438247954939633644e+01
  -2.02412281316861779601e+01
  -2.00971345311267803879e+01
  -2.00115302381503177287e+01
  -1.99854968072538241586e+01
  -2.00212955523081888032e+01
  -2.01225350281776762529e+01
  -2.02944464506209172328e+01
  -2.05443117767858396405e+01
  -2.08821223915109577263e+01
  -2.13216062862364275077e+01
  -2.18818769685828584670e+01
  -2.25901948410310851045e+01
  -2.34868607506957580711e+01
  -2.46345594524432982553e+01
  -2.61380815371268369063e+01
  -2.81922734641813086398e+01
  -3.12268121990021150225e+01
  -3.65522981442439771627e+01
  -5.48398107311089830773e+01
  -3.70836239385902928234e+01
  -3.04367533443422466632e+01
  -2.64883582643630113296e+01
  -2.36235666912248767346e+01
  -2.13507740627078881346e+01
  -1.94543277090978889987e+01
  -1.78204056259800438511e+01
  -1.63816752605283433297e+01
  -1.50950882603327372067e+01
  -1.39315277095344054459e+01
  -1.28704393241505989920e+01
  -1.18968146041852733674e+01
  -1.09993848729706993339e+01
  -1.01694829886712660993e+01
  -9.40029442211231369697e+00
  -8.68634645417369100073e+00
  -8.02314923967935023086e+00
  -7.40693753555608047634e+00
  -6.83448162790425683966e+00
  -6.30294749476739557537e+00
  -5.80979312173832607158e+00
  -5.35269208138341667791e+00
  -4.92947807988701747206e+00
  -4.53810579992337181920e+00
  -4.17662441225380831611e+00
  -3.84316082839160122475e+00
  -3.53591027095097576449e+00
  -3.25313213632887165971e+00
  -2.99314946636166157035e+00
  -2.75435065593753858337e+00
  -2.53519231049002646827e+00
  -2.33420243025317208918e+00
  -2.14998333288694087884e+00
  -1.98121392809563867665e+00
  -1.82665112438336074696e+00
  -1.68513027871078424624e+00
  -1.55556469649290574075e+00
  -1.43694425580952001020e+00
  -1.32833327070158913052e+00
  -1.22886772918666653531e+00
  -1.13775204719802824904e+00
  -1.05425547456410040326e+00
  -9.77708277199067055108e-01
  -9.07497803901145427830e-01
  -8.43064528801412471637e-01
  -7.83898143181651851918e-01
  -7.29533754108980581066e-01
  -6.79548232745006641764e-01
  -6.33556742552611629193e-01
  -5.91209467020521906022e-01
  -5.52188547867393908497e-01
  -5.16205237809317707409e-01
  -4.82997266661451762904e-01
  -4.52326415569846485010e-01
  -4.23976291311964792463e-01
  -3.97750290654512117516e-01
  -3.73469743535232157061e-01
  -3.50972223180283982025e-01
  -3.30110011047616169755e-01
  -3.10748704588568680496e-01
  -2.92765956156889550765e-01
  -2.76050331890328570772e-01
  -2.60500279995912964459e-01
  -2.46023198534173787033e-01
  -2.32534593495233421478e-01
  -2.19957318659407680128e-01
  -2.08220889425270505591e-01
  -1.97260863451354129250e-01
  -1.87018281589804769016e-01
  -1.77439163184187870259e-01
  -1.68474050356295979025e-01
  -1.60077596419173628917e-01
  -1.52208194023891602020e-01
  -1.44827639078599551548e-01
  -1.37900826870745951691e-01
  -1.31395477180575898091e-01
  -1.25281885496533490487e-01
  -1.19532697735993342913e-01
  -1.14122706137880280952e-01
  -1.09028664231194935552e-01
  -1.04229118996955305576e-01
  -9.97042585333829944894e-02
  -9.54357737055860633202e-02
  -9.14067324165134531544e-02
  -8.76014652738961591139e-02
  -8.40054615525973047419e-02
  -8.06052744627480943773e-02
  -7.73884348346099565363e-02
  -7.43433724194270256769e-02
  -7.14593440868671880839e-02
  -6.87263682705534922901e-02
  -6.61351650783483097085e-02
  -6.36771015408674201375e-02
  -6.13441415245841795145e-02
  -5.91287998813188817038e-02
  -5.70241004482853336421e-02
  -5.50235375498857384735e-02
  -5.31210406862909628734e-02
  -5.13109421240869612024e-02
  -4.95879471309950692337e-02
  -4.79471066218156577454e-02
  -4.63837920040510304220e-02
  -4.48936720317339235664e-02
  -4.34726914941706843454e-02
  -4.21170515815482704447e-02
  -4.08231917846296130103e-02
  -3.95877731986779279882e-02
  -3.84076631130616519272e-02
  -3.72799207792866502120e-02
  -3.62017842598019237710e-02
  -3.51706582679122969903e-02
  -3.41841029181470523746e-02
  -3.32398233126909789514e-02
  -3.23356598964578759170e-02
  -3.14695795188938698406e-02
</dep>
<dep S21_dB frequency>
  -2.99075807405420235341e+01
  -2.97063157649660851689e+01
  -2.95037616390791370691e+01
  -2.92998997046065134953e+01
  -2.90947109011544959856e+01
  -2.88881757555313640751e+01
  -2.86802743707928620154e+01
  -2.84709864150104436931e+01
  -2.82602911097650917327e+01
  -2.80481672183660961650e+01
  -2.78345930338006120053e+01
  -2.76195463664177438545e+01
  -2.74030045313559433851e+01
  -2.71849443357230278195e+01
  -2.69653420655420141827e+01
  -2.67441734724785504795e+01
  -2.65214137603705957247e+01
  -2.62970375715838784458e+01
  -2.60710189732233104110e+01
  -2.58433314432342378097e+01
  -2.56139478564361837698e+01
  -2.53828404705375874073e+01
  -2.51499809121894983832e+01
  -2.49153401631455686527e+01
  -2.46788885466069771724e+01
  -2.44405957138450027344e+01
  -2.42004306312057373418e+01
  -2.39583615676220631485e+01
  -2.37143560827744011021e+01
  -2.34683810160645300869e+01
  -2.32204024765927705687e+01
  -2.29703858343561435618e+01
  -2.27182957129189198042e+01
  -2.24640959838450342545e+01
  -2.22077497632225764335e+01
  -2.19492194106626179462e+01
  -2.16884665312091904354e+01
  -2.14254519806609877719e+01
  -2.11601358748811527732e+01
  -2.08924776037535409046e+01
  -2.06224358505418194909e+01
  -2.03499686175174119285e+01
  -2.00750332588487765406e+01
  -1.97975865218907181031e+01
  -1.95175845981758548930e+01
  -1.92349831856018056442e+01
  -1.89497375635255806969e+01
  -1.86618026827241720866e+01
  -1.83711332724647498083e+01
  -1.80776839672561919770e+01
  -1.77814094562216915563e+01
  -1.74822646584609948661e+01
  -1.71802049282529765151e+01
  -1.68751862945030381979e+01
  -1.65671657394673736974e+01
  -1.62561015224982696736e+01
  -1.59419535553658029414e+01
  -1.56246838366162421607e+01
  -1.53042569534604773196e+01
  -1.49806406608266158287e+01
  -1.46538065484930051241e+01
  -1.43237308086301222687e+01
  -1.39903951176248479982e+01
  -1.36537876477426323163e+01
  -1.33139042259708322291e+01
  -1.29707496592645590283e+01
  -1.26243392473311573099e+01
  -1.22747005059660452275e+01
  -1.19218751256887145473e+01
  -1.15659211918610864700e+01
  -1.12069156934019460437e+01
  -1.08449573473310181271e+01
  -1.04801697653231258300e+01
  -1.01127049857012991652e+01
  -9.74274738922890293225e+00
  -9.37051800884749042098e+00
  -8.99627923118824313065e+00
  -8.62033987009935742662e+00
  -8.24306056825332689186e+00
  -7.86485945073941827843e+00
  -7.48621791300783101519e+00
  -7.10768637346934628596e+00
  -6.72988975784895693266e+00
  -6.35353240844344924199e+00
  -5.97940202870423043180e+00
  -5.60837218636270939953e+00
  -5.24140281404855468139e+00
  -4.87953807620643154053e+00
  -4.52390093049074071274e+00
  -4.17568371986215858271e+00
  -3.83613420983528374819e+00
  -3.50653665448228402113e+00
  -3.18818775011195221225e+00
  -2.88236772043970379542e+00
  -2.59030725646452442135e+00
  -2.31315156936093480056e+00
  -2.05192334173583335044e+00
  -1.80748679816770252415e+00
  -1.58051536995709196454e+00
  -1.37146542424386685965e+00
  -1.18055822139052235542e+00
  -1.00777166587417532639e+00
  -8.52842591646233993963e-01
  -7.15279388001097915506e-01
  -5.94383866140041017267e-01
  -4.89280522933582040501e-01
  -3.98950874325992077551e-01
  -3.22270349815277301619e-01
  -2.58045347909291955535e-01
  -2.05048391099589277786e-01
  -1.62049802603347392616e-01
  -1.27844866474426638314e-01
  -1.01275951199546077053e-01
  -8.12495207670557439972e-02
  -6.67482977831360263510e-02
  -5.68390737449539912296e-02
  -5.06767911513329311068e-02
  -4.75055689057524779817e-02
  -4.66573280055608413663e-02
  -4.75486196274121919458e-02
  -4.96761801684219295172e-02
  -5.26116512326933113974e-02
  -5.59958165802877799733e-02
  -5.95326287164237855087e-02
  -6.29832283712467855263e-02
  -6.61601018514690053518e-02
  -6.89214740613221105159e-02
  -7.11659980258232682804e-02
  -7.28277737167282446240e-02
  -7.38717084829408482394e-02
  -7.42892170243710653343e-02
  -7.40942493711834876402e-02
  -7.33196296266430819211e-02
  -7.20136853855611741571e-02
  -7.02371469816079896376e-02
  -6.80602964364370732753e-02
  -6.55603476914421723354e-02
  -6.28190420156213430447e-02
  -5.99204450962596280039e-02
  -5.69489350105779196243e-02
  -5.39873728592071208676e-02
  -5.11154501912677861064e-02
  -4.84082093680511665879e-02
  -4.59347346328825636985e-02
  -4.37570128468742838845e-02
  -4.19289635927006729132e-02
  -4.04956386595264061778e-02
  -3.94925908251583177022e-02
  -3.89454113923535863440e-02
  -3.88694351767547921495e-02
  -3.92696106517623211296e-02
  -4.01405318154482576576e-02
  -4.14666271269173158931e-02
  -4.32224996622578711003e-02
  -4.53734115225656944870e-02
  -4.78759045787638323755e-02
  -5.06785488976405004702e-02
  -5.37228097289548997550e-02
  -5.69440237594536907695e-02
  -6.02724754819846109122e-02
  -6.36345649854501288489e-02
  -6.69540592305774562298e-02
  -7.01534199094642763050e-02
  -7.31552022570269300239e-02
  -7.58835206390019861855e-02
  -7.82655783223254325476e-02
  -8.02332604789265657619e-02
  -8.17247911040699104301e-02
  -8.26864560625494293689e-02
  -8.30743958254685083142e-02
  -8.28564725187079659241e-02
  -8.20142165648245491383e-02
  -8.05448583324959166418e-02
  -7.84634496620203319983e-02
  -7.58050787526488439871e-02
  -7.26271794741739085133e-02
  -6.90119325003669681351e-02
  -6.50687504997258525652e-02
  -6.09368327209691348911e-02
  -5.67877654042524687705e-02
  -5.28281332938715098013e-02
  -4.93020939214898618053e-02
  -4.64938501650884461469e-02
  -4.47299379015761028322e-02
  -4.43812246361707657405e-02
  -4.58644923916517871509e-02
  -4.96434549037945496708e-02
  -5.62290368357308695257e-02
  -6.61787234905148180619e-02
  -8.00947762006992414197e-02
  -9.86211047251847050532e-02
  -1.22438597552051997575e-01
  -1.52258738151004935357e-01
  -1.88815383730512487137e-01
  -2.32854655637769997201e-01
  -2.85122987934976312996e-01
  -3.46353500716953033312e-01
  -4.17251001528292086995e-01
  -4.98476061811840287508e-01
  -5.90628751812985020031e-01
  -6.94232730194263236712e-01
  -8.09720456462239113193e-01
  -9.37420309927399109107e-01
  -1.07754634817284511428e+00
  -1.23019131853033614199e+00
  -1.39532335483793201725e+00
  -1.57278656493803081773e+00
  -1.76230546534526166802e+00
  -1.96349297523610166749e+00
  -2.17586146860729723329e+00
  -2.39883622229831861006e+00
  -2.63177050170805060247e+00
  -2.87396149909426501523e+00
  -3.12466637602685981534e+00
  -3.38311774962712297210e+00
  -3.64853808534008505760e+00
  -3.92015259983422659218e+00
  -4.19720042035182139273e+00
  -4.47894387886902123341e+00
  -4.76467593221917695701e+00
  -5.05372578835268537745e+00
  -5.34546288311065875831e+00
  -5.63929939278266534330e+00
  -5.93469148849477878827e+00
  -6.23113954310456286123e+00
  -6.52818749390873254157e+00
  -6.82542154893497876600e+00
  -7.12246840416028614840e+00
  -7.41899311630254487682e+00
  -7.71469675279962352477e+00
  -8.00931391857949215307e+00
  -8.30261023908449402597e+00
  -8.59437986118651053857e+00
  -8.88444301831148131043e+00
  -9.17264369321664752022e+00
  -9.45884740131297618859e+00
  -9.74293910892960646208e+00
  -1.00248212942453900354e+01
  -1.03044121534743311486e+01
  -1.05816439510420039483e+01
  -1.08564615096929699689e+01
  -1.11288208345161550028e+01
  -1.13986878635907391555e+01
  -1.16660373371931740394e+01
  -1.19308517771345261593e+01
  -1.21931205677262095577e+01
  -1.24528391300152954102e+01
  -1.27100081812179670493e+01
  -1.29646330716822451024e+01
  -1.32167231921607921663e+01
  -1.34662914446714498951e+01
  -1.37133537707250283688e+01
  -1.39579287312008872846e+01
  -1.42000371326410057549e+01
  -1.44397016951961969511e+01
  -1.46769467578990848722e+01
  -1.49117980173512556519e+01
  -1.51442822962885585980e+01
  -1.53744273388446899276e+01
  -1.56022616296489875509e+01
  -1.58278142341898764300e+01
  -1.60511146581415609091e+01
  -1.62721927235878567330e+01
  -1.64910784603006277393e+01
  -1.67078020104190763107e+01
  -1.69223935450564013649e+01
  -1.71348831915170300988e+01
  -1.73453009699470293015e+01
  -1.75536767383698375511e+01
  -1.77600401451715939061e+01
  -1.79644205881996050778e+01
  -1.81668471797319917016e+01
  -1.83673487166528488501e+01
  -1.85659536552430211032e+01
  -1.87626900900589390631e+01
  -1.89575857364287649887e+01
  -1.91506679161493558183e+01
  -1.93419635460076797528e+01
  -1.95314991287986146062e+01
  -1.97193007465386678234e+01
  -1.99053940556153037278e+01
  -2.00898042836349652873e+01
  -2.02725562277611928153e+01
  -2.04536742543570326802e+01
  -2.06331822997648153262e+01
  -2.08111038720769023769e+01
  -2.09874620537656255692e+01
  -2.11622795050551637530e+01
  -2.13355784679321622832e+01
  -2.15073807707033815007e+01
  -2.16777078330165124953e+01
  -2.18465806712737631301e+01
  -2.20140199043717998961e+01
  -2.21800457597125202369e+01
  -2.23446780794325619013e+01
  -2.25079363268076626525e+01
  -2.26698395927924600812e+01
  -2.28304066026598988515e+01
  -2.29896557227110776012e+01
  -2.31476049670264600877e+01
</dep>
<dep S[2,2] frequency>
  -9.98377596300123348882e-01-j1.56106169778907899470e-02
  -9.98441172805904608722e-01-j7.20886620848831816133e-03
  -9.98432455901899995609e-01+j1.26532113049271366378e-03
  -9.98349501455596088917e-01+j9.81300907311938308553e-03
  -9.98190289631676552773e-01+j1.84352834896416295507e-02
  -9.97952721149832466807e-01+j2.71332522769383577277e-02
  -9.97634613324144936541e-01+j3.59080455100673212598e-02
  -9.97233695869497505093e-01+j4.47608155487548842189e-02
  -9.96747606459429058567e-01+j5.36927370918481305928e-02
  -9.96173886018673071518e-01+j6.27050071719939539072e-02
  -9.95509973732403796731e-01+j7.17988450816985923630e-02
  -9.94753201752867743934e-01+j8.09754922209685590317e-02
  -9.93900789582664812016e-01+j9.02362118553711733959e-02
  -9.92949838112362703768e-01+j9.95822887720818616941e-02
  -9.91897323288504884076e-01+j1.09015028819860027021e-01
  -9.90740089386262234861e-01+j1.18535758317186157296e-01
  -9.89474841859055320725e-01+j1.28145823310780448967e-01
  -9.88098139735399172423e-01+j1.37846588664557234694e-01
  -9.86606387531039019656e-01+j1.47639436956501168829e-01
  -9.84995826642003136087e-01+j1.57525767158203378049e-01
  -9.83262526181698515160e-01+j1.67506993068533061031e-01
  -9.81402373222411750220e-01+j1.77584541469394951996e-01
  -9.79411062398674925333e-01+j1.87759849967390535230e-01
  -9.77284084826812948776e-01+j1.98034364480706603917e-01
  -9.75016716291724150345e-01+j2.08409536325274702406e-01
  -9.72604004648362163721e-01+j2.18886818848397335380e-01
  -9.70040756381727709012e-01+j2.29467663551490785867e-01
  -9.67321522265193745049e-01+j2.40153515635916137150e-01
  -9.64440582052924710865e-01+j2.50945808897485189704e-01
  -9.61391928137805606980e-01+j2.61845959885524781630e-01
  -9.58169248101870429934e-01+j2.72855361231411686074e-01
  -9.54765906081600390642e-01+j2.83975374039155681327e-01
  -9.51174922865863137211e-01+j2.95207319216432728659e-01
  -9.47388954639497016252e-01+j3.06552467608521672648e-01
  -9.43400270281014696749e-01+j3.18012028779475652840e-01
  -9.39200727118398415172e-01+j3.29587138264161638723e-01
  -9.34781745042871259344e-01+j3.41278843091398276233e-01
  -9.30134278876894482480e-01+j3.53088085351859481964e-01
  -9.25248788889762030507e-01+j3.65015683554032688285e-01
  -9.20115209352275420507e-01+j3.77062311477271039362e-01
  -9.14722915021591642670e-01+j3.89228474191790962955e-01
  -9.09060685448684901999e-01+j4.01514480871186463240e-01
  -9.03116667004818629572e-01+j4.13920413972579448458e-01
  -8.96878332530462674121e-01+j4.26446094302288192246e-01
  -8.90332438521347135918e-01+j4.39091041420091587888e-01
  -8.83464979782741077763e-01+j4.51854428761595539044e-01
  -8.76261141506228247167e-01+j4.64735032774905243436e-01
  -8.68705248754716774506e-01+j4.77731175273861885522e-01
  -8.60780713383465512223e-01+j4.90840658103910754129e-01
  -8.52469978480187351444e-01+j5.04060689097166392258e-01
  -8.43754460478812751134e-01+j5.17387798159268497145e-01
  -8.34614489193566733150e-01+j5.30817742180536678021e-01
  -8.25029246137035654485e-01+j5.44345397296948751986e-01
  -8.14976701634281264219e-01+j5.57964636841322580985e-01
  -8.04433551431275151167e-01+j5.71668193121422474334e-01
  -7.93375153729242499345e-01+j5.85447500939277665211e-01
  -7.81775467867003359679e-01+j5.99292520525672056664e-01
  -7.69606996233313522815e-01+j6.13191537307981815452e-01
  -7.56840731436029257040e-01+j6.27130935661401656134e-01
  -7.43446111301478862465e-01+j6.41094943520496118872e-01
  -7.29390984946823861534e-01+j6.55065344458898968227e-01
  -7.14641593984179701593e-01+j6.69021153594846151869e-01
  -6.99162573905000250818e-01+j6.82938253469876688229e-01
  -6.82916981887963570053e-01+j6.96788985906028335293e-01
  -6.65866358706417638125e-01+j7.10541695813794227377e-01
  -6.47970834118659855250e-01+j7.24160223052484619544e-01
  -6.29189287141725506203e-01+j7.37603338808576758368e-01
  -6.09479574970146820156e-01+j7.50824123651033015214e-01
  -5.88798847031163696819e-01+j7.63769285567792666214e-01
  -5.67103963777706887583e-01+j7.76378418042091400508e-01
  -5.44352043296321363997e-01+j7.88583200787536631182e-01
  -5.20501162593009492063e-01+j8.00306549371156528139e-01
  -4.95511244400570205482e-01+j8.11461724905970793742e-01
  -4.69345164319809937670e-01+j8.21951421633602130612e-01
  -4.41970116733636120276e-01+j8.31666858927389007761e-01
  -4.13359280714054200256e-01+j8.40486915438802717482e-01
  -3.83493828351089305340e-01+j8.48277357180491575761e-01
  -3.52365316557149921284e-01+j8.54890228606904778452e-01
  -3.19978498086150475732e-01+j8.60163496359056867213e-01
  -2.86354576514748049298e-01+j8.63921059091291243526e-01
  -2.51534911133409477824e-01+j8.65973262963142031978e-01
  -2.15585148635528356387e-01+j8.66118089407034386085e-01
  -1.78599716587020451719e-01+j8.64143206969693489228e-01
  -1.40706556560642348508e-01+j8.59829098158017446352e-01
  -1.02071901043913948470e-01+j8.52953479262991032250e-01
  -6.29048080863854330858e-02+j8.43297218093514544535e-01
  -2.34610644858301853333e-02+j8.30651911702869005794e-01
  +1.59540400350096644999e-02+j8.14829202950100417446e-01
  +5.49846649783112262355e-02+j7.95671781425719704117e-01
  +9.32257654964676607534e-02+j7.73065825008719231803e-01
  +1.30227515576524677243e-01+j7.46954395012505933948e-01
  +1.65503418131913826450e-01+j7.17351014799081809770e-01
  +1.98542523914112423178e-01+j6.84352369573646424072e-01
  +2.28825858463710396506e-01+j6.48148812490382919549e-01
  +2.55846701954428046299e-01+j6.09031212691731216324e-01
  +2.79133815159927634042e-01+j5.67392702869083165318e-01
  +2.98276127292738335584e-01+j5.23724133789102763714e-01
  +3.12946902070700305742e-01+j4.78602544196931711795e-01
  +3.22925096108862996758e-01+j4.32672677323286902773e-01
  +3.28111623475742630873e-01+j3.86622429264232236878e-01
  +3.28538598579120488807e-01+j3.41153956865740182192e-01
  +3.24370327790719725769e-01+j2.96952837443981598753e-01
  +3.15895756968604612958e-01+j2.54658013761616619508e-01
  +3.03513091834530568391e-01+j2.14835192397544449960e-01
  +2.87708202805246671119e-01+j1.77955899230885922213e-01
  +2.69029044686013296683e-01+j1.44383628803345265279e-01
  +2.48058572666066678991e-01+j1.14367612448749891851e-01
  +2.25388514110698046089e-01+j8.80438469290067138306e-02
  +2.01595933012584160871e-01+j6.54423157059505489208e-02
  +1.77223920693095782219e-01+j4.64988849394000897108e-02
  +1.52767093172896495368e-01+j3.10701848452019507851e-02
  +1.28661982552733533680e-01+j1.89498573566661554501e-02
  +1.05281947966174849185e-01+j9.88479280109952340716e-03
  +8.29359301602110576823e-02+j3.59031166657658440400e-03
  +6.18702266748568652233e-02-j2.36398336967619249194e-04
  +4.22724438523679468815e-02-j1.90495634914888967160e-03
  +2.42768499726544462192e-02-j1.72267710229627446505e-03
  +7.97047354932589602328e-03+j1.24137578113303614913e-05
  -6.60056859271318518978e-03+j3.01664903502889270026e-03
  -1.94248895590564130131e-02+j7.02415063617636836746e-03
  -3.05200487249819296665e-02+j1.17889194369046879096e-02
  -3.99273152297808797684e-02+j1.70858732720070433109e-02
  -4.77070482012407204309e-02+j2.27110944223181676627e-02
  -5.39347055369379102530e-02+j2.84815110572807922429e-02
  -5.86974539225630920214e-02+j3.42341973028871815465e-02
  -6.20913285201291076376e-02+j3.98254381353510267250e-02
  -6.42188777983888625656e-02+j4.51296705532635844538e-02
  -6.51872241346730385558e-02+j5.00383825690557115795e-02
  -6.51064715040250430178e-02+j5.44590267468608030255e-02
  -6.40883957889387678719e-02+j5.83139850489619790408e-02
  -6.22453595204151000075e-02+j6.15396061194600219046e-02
  -5.96894001625696279945e-02+j6.40853242108516685249e-02
  -5.65314486822836581581e-02+j6.59128601222124521630e-02
  -5.28806426573278365311e-02+j6.69954981958679751664e-02
  -4.88437053027312995113e-02+j6.73174291200059476958e-02
  -4.45243683874601003936e-02+j6.68731456000946078433e-02
  -4.00228229973169646883e-02+j6.56668765637979656713e-02
  -3.54351874455658411023e-02+j6.37120451920617364427e-02
  -3.08529863321904684881e-02+j6.10307365177940250311e-02
  -2.63626388074754691715e-02+j5.76531614384787963190e-02
  -2.20449575090797544874e-02+j5.36171056136554302629e-02
  -1.79746624172013591547e-02+j4.89673537445758852438e-02
  -1.42199160123592793781e-02+j4.37550820527152564687e-02
  -1.08418876295437449642e-02+j3.80372142825441961200e-02
  -7.89435579224384564867e-03+j3.18757391487692609555e-02
  -5.42335759970935527008e-03+j2.53369897270772359565e-02
  -3.46689396402088956251e-03+j1.84908877493675065373e-02
  -2.05469869780916525315e-03+j1.14101580128640016365e-02
  -1.20807820289858813823e-03+j4.16952005914649447005e-03
  -9.39826884259642447716e-04-j3.15513415255094711170e-03
  -1.25422150555121181270e-03-j1.04875667230447996298e-02
  -2.14709561554804473360e-03-j1.77520139352418011847e-02
  -3.60599301737885014063e-03-j2.48739893577818796389e-02
  -5.61039713395472539048e-03-j3.17810596019656929623e-02
  -8.13203114698490825418e-03-j3.84035832004286439845e-02
  -1.11352220470168905564e-02-j4.46754042851971941430e-02
  -1.45773203064671896811e-02-j5.05344942983674549897e-02
  -1.84091658377544264980e-02-j5.59235367897745472288e-02
  -2.25755902643224315440e-02-j6.07904523552232553540e-02
  -2.70159453345579780859e-02-j6.50888628543054154063e-02
  -3.16646475476256572534e-02-j6.87784961297873420616e-02
  -3.64517297204074441908e-02-j7.18255344471774442860e-02
  -4.13033912755639276426e-02-j7.42029117099730350926e-02
  -4.61425404322928223166e-02-j7.58905661203006370874e-02
  -5.08893231874829599093e-02-j7.68756562953850780540e-02
  -5.54616359373726330873e-02-j7.71527498783184800812e-02
  -5.97756207611914724964e-02-j7.67239943668522328402e-02
  -6.37461447254185076261e-02-j7.55992802030043264949e-02
  -6.72872670315856069578e-02-j7.37964060993397258370e-02
  -7.03127003887212831401e-02-j7.13412561028906044847e-02
  -7.27362756141946009691e-02-j6.82679969891441806862e-02
  -7.44724211250467060808e-02-j6.46193031993635425003e-02
  -7.54366716433362283212e-02-j6.04466146361110762131e-02
  -7.55462230603453077649e-02-j5.58104301483777348603e-02
  -7.47205529235873688876e-02-j5.07806363868160415276e-02
  -7.28821283352675264311e-02-j4.54368677920659325142e-02
  -6.99572250468416534375e-02-j3.98688886829588196026e-02
  -6.58768830106921665646e-02-j3.41769826213484534394e-02
  -6.05780243430242837377e-02-j2.84723273399010157192e-02
  -5.40047592120820318939e-02-j2.28773254552838284370e-02
  -4.61099031423266580987e-02-j1.75258519410351754075e-02
  -3.68567250631364196067e-02-j1.25633689985640700781e-02
  -2.62209384737360773343e-02-j8.14684779911431511401e-03
  -1.41929376129575901544e-02-j4.44442506147507687686e-03
  -7.80265756869069626589e-04-j1.63471137188447857014e-03
  +1.39897169695236689435e-02+j9.43412823362771435498e-05
  +3.00670240734560723084e-02+j5.47111486730381124666e-04
  +4.73761800093406293399e-02-j4.77380536635388375011e-04
  +6.58134285818530173628e-02-j3.18243018837054136849e-03
  +8.52441758871148591581e-02-j7.76979914680504812896e-03
  +1.05500871199272650003e-01-j1.44350156261669471114e-02
  +1.26381565753937996632e-01-j2.33618273873117815453e-02
  +1.47649416816063028257e-01-j3.47158746031676207489e-02
  +1.69033415736067782476e-01-j4.86377299099781112979e-02
  +1.90230606175249561396e-01-j6.52355459599427978112e-02
  +2.10910014983224480822e-01-j8.45776495303859066066e-02
  +2.30718437955164223929e-01-j1.06685514984353191359e-01
  +2.49288104351297001848e-01-j1.31527624561961320460e-01
  +2.66246091805500073590e-01-j1.59014762687034544308e-01
  +2.81225188290959327020e-01-j1.88997280889989544006e-01
  +2.93875718521654061277e-01-j2.21264797695259030075e-01
  +3.03877692557148582075e-01-j2.55548659986336468286e-01
  +3.10952520691078149184e-01-j2.91527295345792469838e-01
  +3.14873494553253419070e-01-j3.28834346514656483684e-01
  +3.15474275332017217721e-01-j3.67069227317290969204e-01
  +3.12654759200093668170e-01-j4.05809507992045681579e-01
  +3.06383895796117800003e-01-j4.44624360479470348562e-01
  +2.96699292769480482690e-01-j4.83088197452184453518e-01
  +2.83703713510629951244e-01-j5.20793636671491477763e-01
  +2.67558829253381813551e-01-j5.57363013031050069657e-01
  +2.48476788358004241353e-01-j5.92457827935777503470e-01
  +2.26710292829034987250e-01-j6.25785742095727903767e-01
  +2.02541916626131857093e-01-j6.57104951138424597801e-01
  +1.76273367166917438453e-01-j6.86226002909485877090e-01
  +1.48215296231222981582e-01-j7.13011296849050846269e-01
  +1.18678130940901183088e-01-j7.37372634893449285798e-01
  +8.79642425583234688347e-02-j7.59267265510921940397e-01
  +5.63616207980419670065e-02-j7.78692881817098170316e-01
  +2.41390893041972809385e-02-j7.95682011139314915305e-01
  -8.45700701824148026731e-03-j8.10296179639050317967e-01
  -4.12047866157948527999e-02-j8.22620164598918512944e-01
  -7.39076767200100848143e-02-j8.32756570025947495672e-01
  -1.06394328182133013350e-01-j8.40820886963910774092e-01
  -1.38517808136140008202e-01-j8.46937134077386466480e-01
  -1.70154264750249639704e-01-j8.51234119743134565184e-01
  -2.01201235503491671075e-01-j8.53842325009238400924e-01
  -2.31575743373220732657e-01-j8.54891376811143355319e-01
  -2.61212297383046854193e-01-j8.54508061311424538253e-01
  -2.90060887430803826526e-01-j8.52814816271379116941e-01
  -3.18085039582291284610e-01-j8.49928637003304565667e-01
  -3.45259977762158720704e-01-j8.45960330865569987147e-01
  -3.71570921173946522309e-01-j8.41014058884510862235e-01
  -3.97011533673440109027e-01-j8.35187108655194188067e-01
  -4.21582531348697830964e-01-j8.28569849226982735324e-01
  -4.45290447272596368045e-01-j8.21245825526596417987e-01
  -4.68146547320607564480e-01-j8.13291956540459270997e-01
  -4.90165887635173658232e-01-j8.04778807676471585886e-01
  -5.11366502369077657875e-01-j7.95770913289988279793e-01
  -5.31768709408937390037e-01-j7.86327130222528203340e-01
  -5.51394521584409824655e-01-j7.76501007360110628852e-01
  -5.70267151183113552015e-01-j7.66341159707934926892e-01
  -5.88410596239970828947e-01-j7.55891638358713313650e-01
  -6.05849297919948015512e-01-j7.45192290074270902167e-01
  -6.22607859267791163838e-01-j7.34279102077075807031e-01
  -6.38710816586879226442e-01-j7.23184529131520315026e-01
  -6.54182455684239716476e-01-j7.11937801149053361982e-01
  -6.69046666148891744363e-01-j7.00565210435291629842e-01
  -6.83326827695657890160e-01-j6.89090378361973066035e-01
  -6.97045723398356464884e-01-j6.77534501734737948375e-01
  -7.10225475348410739684e-01-j6.65916579476720560393e-01
  -7.22887498910163794896e-01-j6.54253620486826781288e-01
  -7.35052472303987958213e-01-j6.42560833685982935037e-01
  -7.46740318738785879837e-01-j6.30851801354026298085e-01
  -7.57970198741854672697e-01-j6.19138636900395722407e-01
  -7.68760510702821808771e-01-j6.07432128216445654800e-01
  -7.79128897965681077586e-01-j5.95741867735645413973e-01
  -7.89092261074957224132e-01-j5.84076370288153401411e-01
  -7.98666774013902069917e-01-j5.72443179784573930036e-01
  -8.07867903470237069818e-01-j5.60848965704037749624e-01
  -8.16710430332200032488e-01-j5.49299610298475959880e-01
  -8.25208472759113353945e-01-j5.37800287359835094136e-01
  -8.33375510290136789493e-01-j5.26355533332260039359e-01
  -8.41224408554863467558e-01-j5.14969311488582270897e-01
  -8.48767444233762491379e-01-j5.03645069829674052464e-01
  -8.56016329986489798998e-01-j4.92385793308490971043e-01
  -8.62982239124861050250e-01-j4.81194050926620875419e-01
  -8.69675829855846238559e-01-j4.70072038201328867846e-01
  -8.76107268960342966402e-01-j4.59021615454889897467e-01
  -8.82286254806773806436e-01-j4.48044342335272960387e-01
  -8.88222039625911286009e-01-j4.37141508938278799956e-01
  -8.93923450995728896551e-01-j4.26314163865604001113e-01
  -8.99398912503380110195e-01-j4.15563139520635116408e-01
  -9.04656463566049673375e-01-j4.04889074914425106666e-01
  -9.09703778404446161687e-01-j3.94292436227345000077e-01
  -9.14548184171977363022e-01-j3.83773535347754102265e-01
  -9.19196678250204679550e-01-j3.73332546587088975887e-01
  -9.23655944726885724805e-01-j3.62969521750848400643e-01
  -9.27932370077351187376e-01-j3.52684403727353323887e-01
  -9.32032058073225644357e-01-j3.42477038739673056433e-01
  -9.35960843944836806685e-01-j3.32347187392034837394e-01
  -9.39724307825292259899e-01-j3.22294534628612794336e-01
  -9.43327787505165993309e-01-j3.12318698711063935658e-01
  -9.46776390527226174854e-01-j3.02419239310551590805e-01
  -9.50075005650751980291e-01-j2.92595664800415433682e-01
  -9.53228313714772568233e-01-j2.82847438827255270866e-01
  -9.56240797929087671392e-01-j2.73173986230331233838e-01
  -9.59116753621315432099e-01-j2.63574698372392668411e-01
  -9.61860297467402869387e-01-j2.54048937938824881400e-01
  -9.64475376232121761610e-01-j2.44596043256342432493e-01
  -9.66965775045199982252e-01-j2.35215332177446945217e-01
  -9.69335125237596573200e-01-j2.25906105572484749988e-01
  -9.71586911761483040806e-01-j2.16667650466803529685e-01
  -9.73724480216420884560e-01-j2.07499242857147159214e-01
  -9.75751043503170767401e-01-j1.98400150237835803946e-01
  -9.77669688125477387430e-01-j1.89369633864594377748e-01
  -9.79483380159295702327e-01-j1.80406950780979735693e-01
  -9.81194970907753538647e-01-j1.71511355630097450664e-01
  -9.82807202259331269545e-01-j1.62682102272084905259e-01
  -9.84322711765716951149e-01-j1.53918445225827982270e-01
  -9.85744037454964527889e-01-j1.45219640951746775670e-01
</dep>
<dep S[2,1] frequency>
  +4.17015412300156002728e-04-j3.19583237953611834503e-02
  +1.51070550852983075726e-04-j3.27099273806207915816e-02
  -1.30040321879290821311e-04-j3.34817880190690503328e-02
  -4.27109782582917366610e-04-j3.42745133505241855731e-02
  -7.40974577269785722108e-04-j3.50887294634633778445e-02
  -1.07251832119387158215e-03-j3.59250812917978473715e-02
  -1.42267437973549008834e-03-j3.67842329936901579757e-02
  -1.79242894341474410212e-03-j3.76668683077490545896e-02
  -2.18282431121020244896e-03-j3.85736908812527798385e-02
  -2.59496239746456660441e-03-j3.95054245643135862331e-02
  -3.03000847884460312517e-03-j4.04628136630180712530e-02
  -3.48919519911279228316e-03-j4.14466231436228307872e-02
  -3.97382685084711820278e-03-j4.24576387787761189152e-02
  -4.48528395474995667663e-03-j4.34966672255005654124e-02
  -5.02502815879731206533e-03-j4.45645360232625048491e-02
  -5.59460748122248604369e-03-j4.56620934988654775255e-02
  -6.19566192320507476421e-03-j4.67902085630986647180e-02
  -6.82992947915926108815e-03-j4.79497703820391460439e-02
  -7.49925257468707102265e-03-j4.91416879035886655647e-02
  -8.20558496460755543156e-03-j5.03668892172202120605e-02
  -8.95099912597837124584e-03-j5.16263207219328293385e-02
  -9.73769418372362645375e-03-j5.29209460740625789454e-02
  -1.05680044093645082032e-02-j5.42517448827825460311e-02
  -1.14444083364350183973e-02-j5.56197111168072952370e-02
  -1.23695385394439871102e-02-j5.70258511809150214766e-02
  -1.33461921267510209149e-02-j5.84711816153294441922e-02
  -1.43773420014197614303e-02-j5.99567263647083348310e-02
  -1.54661489480357201148e-02-j6.14835135562866175185e-02
  -1.66159746075847658542e-02-j6.30525717185959344580e-02
  -1.78303954068030345859e-02-j6.46649253629157372281e-02
  -1.91132175128747826276e-02-j6.63215898390848573873e-02
  -2.04684928889797973506e-02-j6.80235653653404326313e-02
  -2.19005365308829608173e-02-j6.97718301182419370354e-02
  -2.34139449695168894161e-02-j7.15673322532419109443e-02
  -2.50136161291830451392e-02-j7.34109807088754173776e-02
  -2.67047706355516729915e-02-j7.53036346274586210203e-02
  -2.84929746718692936125e-02-j7.72460912023890666767e-02
  -3.03841644855690103111e-02-j7.92390717361655255724e-02
  -3.23846726505233814541e-02-j8.12832056636695055030e-02
  -3.45012561922725322083e-02-j8.33790122616161755165e-02
  -3.67411266842363401497e-02-j8.55268797267905861448e-02
  -3.91119824217968994895e-02-j8.77270412621369982675e-02
  -4.16220427775902540590e-02-j8.99795477602452070665e-02
  -4.42800848346238326569e-02-j9.22842366174965317294e-02
  -4.70954823830986232802e-02-j9.46406961482488401360e-02
  -5.00782473508590911249e-02-j9.70482249959397497152e-02
  -5.32390737148519532784e-02-j9.95057858558565516693e-02
  -5.65893839101422740923e-02-j1.02011952731425478702e-01
  -6.01413777117411618711e-02-j1.04564850840982714875e-01
  -6.39080835101091676576e-02-j1.07162088173802377833e-01
  -6.79034118305962969275e-02-j1.09800677561473894461e-01
  -7.21422108561430713847e-02-j1.12476947982143041238e-01
  -7.66403235966975210358e-02-j1.15186443649588757254e-01
  -8.14146462019103983598e-02-j1.17923809255603084800e-01
  -8.64831867288584216213e-02-j1.20682659532035913008e-01
  -9.18651234450470477455e-02-j1.23455431078189736827e-01
  -9.75808614583643790796e-02-j1.26233214160754003696e-01
  -1.03652086107832802631e-01-j1.29005561939350643641e-01
  -1.10101811106634805970e-01-j1.31760274304736635376e-01
  -1.16954418884992611405e-01-j1.34483153245370773421e-01
  -1.24235689914005104084e-01-j1.37157726391022916079e-01
  -1.31972816978902535157e-01-j1.39764935134005813255e-01
  -1.40194399384019424692e-01-j1.42282783520185612813e-01
  -1.48930410881177061055e-01-j1.44685943962118285233e-01
  -1.58212133684733469163e-01-j1.46945315795530051517e-01
  -1.68072049234303494414e-01-j1.49027532831739167873e-01
  -1.78543674354184028763e-01-j1.50894416424557809009e-01
  -1.89661329103728043544e-01-j1.52502371265331226891e-01
  -2.01459819889459185172e-01-j1.53801722266812629369e-01
  -2.13974018307077462620e-01-j1.54735992652347220666e-01
  -2.27238312713664986076e-01-j1.55241125928627876629e-01
  -2.41285905753184704015e-01-j1.55244658031239796125e-01
  -2.56147927087285454117e-01-j1.54664850885457560992e-01
  -2.71852326624928586352e-01-j1.53409805263490656158e-01
  -2.88422509929045223220e-01-j1.51376579529227284215e-01
  -3.05875674709531364392e-01-j1.48450352052555689664e-01
  -3.24220806116245541251e-01-j1.44503679143955815478e-01
  -3.43456289935416381187e-01-j1.39395917625009579943e-01
  -3.63567108122549997873e-01-j1.32972901751935351777e-01
  -3.84521592113449106609e-01-j1.25066987955396363708e-01
  -4.06267728172391651142e-01-j1.15497607018310077809e-01
  -4.28729038114980254282e-01-j1.04072490332535974589e-01
  -4.51800100669104365281e-01-j9.05897620518661822464e-02
  -4.75341835857009564759e-01-j7.48411080788839999656e-02
  -4.99176748579240436854e-01-j5.66162398507089464905e-02
  -5.23084417747873176019e-01-j3.57088578282550861420e-02
  -5.46797620506986103983e-01-j1.19242767231252533994e-02
  -5.69999589451425481279e-01+j1.49112087702627394564e-02
  -5.92323000549254574665e-01+j4.49392723119785217345e-02
  -6.13351360130836797957e-01+j7.82570621953955769534e-02
  -6.32623473867971797269e-01+j1.14903752788497057202e-01
  -6.49641608355958966037e-01+j1.54846911482820787098e-01
  -6.63883767699698812415e-01+j1.97969743714328044737e-01
  -6.74820184833558878168e-01+j2.44060531260831131695e-01
  -6.81933672957783953983e-01+j2.92805728595606384879e-01
  -6.84742930865697374543e-01+j3.43788160185718449924e-01
  -6.82827318465696775363e-01+j3.96491511850409539264e-01
  -6.75851119411762124578e-01+j4.50311808419853853991e-01
  -6.63585005494793267466e-01+j5.04575847220243067781e-01
  -6.45922417173873886220e-01+j5.58565702980332812189e-01
  -6.22888932927167293663e-01+j6.11547577511400097805e-01
  -5.94643398306342274573e-01+j6.62802602943623919707e-01
  -5.61470522271155569882e-01+j7.11656866350602435034e-01
  -5.23765658103098274978e-01+j7.57507989022850103389e-01
  -4.82013380740127062030e-01+j7.99846058220111566506e-01
  -4.36762091059306356566e-01+j8.38267476345820439221e-01
  -3.88597128512459311089e-01+j8.72481204521248554506e-01
  -3.38114751389103462831e-01+j9.02307760843391704064e-01
  -2.85898921127745619941e-01+j9.27672043372043897413e-01
  -2.32502223564714172177e-01+j9.48591498071223560018e-01
  -1.78431606537201331575e-01+j9.65161323509972413071e-01
  -1.24139019833857000563e-01+j9.77538333917367885384e-01
  -7.00165813180597396137e-02+j9.85924860484085119339e-01
  -1.63955911088447016388e-02+j9.90553737463659378371e-01
  +3.64514318576751941703e-02+j9.91675065467719440981e-01
  +8.83065378215876217727e-02+j9.89545120886375584313e-01
  +1.39000738168437859565e-01+j9.84417517305233968905e-01
  +1.88407661636120021820e-01+j9.76536532895196596193e-01
  +2.36436995027994950602e-01+j9.66132394218237489092e-01
  +2.83028090016132993778e-01+j9.53418241066540383954e-01
  +3.28143993870964045811e-01+j9.38588475028220625695e-01
  +3.71766059767946188686e-01+j9.21818202740124825745e-01
  +4.13889213307340131376e-01+j9.03263511442575994792e-01
  +4.54517894505329922428e-01+j8.83062350336742851731e-01
  +4.93662655610136613671e-01+j8.61335829867753144384e-01
  +5.31337370924900520563e-01+j8.38189788231983423650e-01
  +5.67557001733275168220e-01+j8.13716507751286122208e-01
  +6.02335854216781152459e-01+j7.87996492183929864161e-01
  +6.35686268305169943638e-01+j7.61100239327463956585e-01
  +6.67617678683894877345e-01+j7.33089961708226156567e-01
  +6.98135994205276055879e-01+j7.04021222321171147307e-01
  +7.27243247664727254786e-01+j6.73944462968205537656e-01
  +7.54937473618486620808e-01+j6.42906410440807096762e-01
  +7.81212777206604758184e-01+j6.10951351251450058832e-01
  +8.06059561575056315874e-01+j5.78122269408836375604e-01
  +8.29464885370558180355e-01+j5.44461844336273426137e-01
  +8.51412924913673929694e-01+j5.10013307845397889650e-01
  +8.71885518105775636499e-01+j4.74821160410067555357e-01
  +8.90862768996897647078e-01+j4.38931748077503292027e-01
  +9.08323693360406969610e-01+j4.02393702376224793316e-01
  +9.24246886720826221762e-01+j3.65258246651275320094e-01
  +9.38611197196525526287e-01+j3.27579373441655830046e-01
  +9.51396386373765334810e-01+j2.89413898838427663396e-01
  +9.62583762332944736784e-01+j2.50821401214007755343e-01
  +9.72156769991769476036e-01+j2.11864053255116258079e-01
  +9.80101525181637067696e-01+j1.72606357804005017265e-01
  +9.86407280373424288911e-01+j1.33114799541413419970e-01
  +9.91066811733061769907e-01+j9.34574259482814917455e-02
  +9.94076719204296521681e-01+j5.37033721827855914377e-02
  +9.95437633550918743452e-01+j1.39223454293498204865e-02
  +9.95154326687713419730e-01-j2.58159151424290703170e-02
  +9.93235724116260154659e-01-j6.54421864722593837893e-02
  +9.89694820777881067997e-01-j1.04888301626400184952e-01
  +9.84548504054080342307e-01-j1.44087666216583698553e-01
  +9.77817289903829767184e-01-j1.82975736690904527970e-01
  +9.69524980150354043218e-01-j2.21490447295124792682e-01
  +9.59698250659465790235e-01-j2.59572574108456299857e-01
  +9.48366181541665520527e-01-j2.97166026366174618190e-01
  +9.35559741540339717680e-01-j3.34218057212351260521e-01
  +9.21311239435906537132e-01-j3.70679387996395770521e-01
  +9.05653755619895473039e-01-j4.06504242158425344034e-01
  +8.88620567011771722576e-01-j4.41650286569669869863e-01
  +8.70244578258115963898e-01-j4.76078479849000257840e-01
  +8.50557771734267498154e-01-j5.09752828622863529695e-01
  +8.29590688336287129800e-01-j5.42640053911127240305e-01
  +8.07371950483879552429e-01-j5.74709170802018887159e-01
  +7.83927838229036777484e-01-j6.05930985341759043017e-01
  +7.59281928953835838492e-01-j6.36277513144995587879e-01
  +7.33454810909449861356e-01-j6.65721324685404458599e-01
  +7.06463880849479863855e-01-j6.94234822625776737404e-01
  +6.78323236285704567194e-01-j7.21789456982711241650e-01
  +6.49043673462640802185e-01-j7.48354884501098105432e-01
  +6.18632803009903864400e-01-j7.73898079458815613130e-01
  +5.87095296359946394738e-01-j7.98382404370735154764e-01
  +5.54433277351831010904e-01-j8.21766650861711633880e-01
  +5.20646874877461751652e-01-j8.44004063491021749854e-01
  +4.85734953808818203935e-01-j8.65041362698493299099e-01
  +4.49696042558016706447e-01-j8.84817787464522886864e-01
  +4.12529476169254616380e-01-j9.03264183871620551791e-01
  +3.74236773442660652922e-01-j9.20302172622335268315e-01
  +3.34823264758941696595e-01-j9.35843436735485090239e-01
  +2.94299983425358457900e-01-j9.49789180022004742021e-01
  +2.52685826809830371698e-01-j9.62029817279789201123e-01
  +2.10009983514176962194e-01-j9.72444967955046313257e-01
  +1.66314608578440936704e-01-j9.80903835498471265986e-01
  +1.21657709497794447318e-01-j9.87266063616886624388e-01
  +7.61161811690087564131e-02-j9.91383166455966136077e-01
  +2.97888976679484412946e-02-j9.93100630347110824303e-01
  -1.72002664570561347723e-02-j9.92260777575453167820e-01
  -6.46996514180534360028e-02-j9.88706464856267452923e-01
  -1.12527469511832206583e-01-j9.82285658022648333620e-01
  -1.60470146247841394249e-01-j9.72856877485597237865e-01
  -2.08281614069455445204e-01-j9.60295445115015411375e-01
  -2.55683838455079137653e-01-j9.44500383032992663068e-01
  -3.02368843381532026449e-01-j9.25401721922043951629e-01
  -3.48002459188867907525e-01-j9.02967877824365161565e-01
  -3.92229935420487008102e-01-j8.77212662793212416545e-01
  -4.34683442688303778301e-01-j8.48201420204740985653e-01
  -4.74991335207510856353e-01-j8.16055735968151285675e-01
  -5.12788870563299248317e-01-j7.80956187590303607671e-01
  -5.47729903882547941585e-01-j7.43142665435697957754e-01
  -5.79498913892988798402e-01-j7.02911938485677900701e-01
  -6.07822604604018268404e-01-j6.60612334038313209206e-01
  -6.32480282146907102359e-01-j6.16635639258366952120e-01
  -6.53312247256847444810e-01-j5.71406584392852079368e-01
  -6.70225573034656019189e-01-j5.25370498973072974636e-01
  -6.83196843383377272474e-01-j4.78979909804801595730e-01
  -6.92271684666751929704e-01-j4.32680946399789378987e-01
  -6.97561197253705356225e-01-j3.86900421777457259598e-01
  -6.99235647685113814731e-01-j3.42034365859309241742e-01
  -6.97515983833268515824e-01-j2.98438621453059160782e-01
  -6.92663862684401165914e-01-j2.56421896447308950151e-01
  -6.84970924896246891045e-01-j2.16241432563390734156e-01
  -6.74748017142129064005e-01-j1.78101231588437797226e-01
  -6.62314968083316690795e-01-j1.42152598534552004894e-01
  -6.47991388296601744656e-01-j1.08496632141043561348e-01
  -6.32088811573754072448e-01-j7.71882210066947016536e-02
  -6.14904344981367034784e-01-j4.82410843278773537879e-02
  -5.96715863048030481508e-01-j2.16334198171183461623e-02
  -5.77778676500844134978e-01+j2.68622484456538211661e-03
  -5.58323531507035064614e-01+j2.47931696490133191002e-02
  -5.38555750314252845712e-01+j4.47811446550952022005e-02
  -5.18655304498389368995e-01+j6.27573185241957764990e-02
  -4.98777612196887709661e-01+j7.88379087458619676188e-02
  -4.79054864888253217892e-01+j9.31444147673884531580e-02
  -4.59597712116649903535e-01+j1.05800473359481103652e-01
  -4.40497159624886280849e-01+j1.16929305573736069812e-01
  -4.21826564308340423715e-01+j1.26651705121150676137e-01
  -4.03643635944126777382e-01+j1.35084507039211348944e-01
  -3.85992379394876461429e-01+j1.42339471153439173223e-01
  -3.68904931250942369481e-01+j1.48522515251003850434e-01
  -3.52403261483978047508e-01+j1.53733236505026349406e-01
  -3.36500723801125833923e-01+j1.58064665255532865729e-01
  -3.21203448368235389143e-01+j1.61603201807177437876e-01
  -3.06511577865152651245e-01+j1.64428693750533566620e-01
  -2.92420352916331172111e-01+j1.66614617983800811230e-01
  -2.78921056257384780697e-01+j1.68228337810696237931e-01
  -2.66001826953011000221e-01+j1.69331411056102471013e-01
  -2.53648356918136863580e-01+j1.69979930005894341871e-01
  -2.41844482194428278543e-01+j1.70224878137046037319e-01
  -2.30572681124257161667e-01+j1.70112492095277012538e-01
  -2.19814490919485849840e-01+j1.69684620259588109237e-01
  -2.09550853275660753372e-01+j1.68979071576688566481e-01
  -1.99762398730949392034e-01+j1.68029950226986773965e-01
  -1.90429678483556602542e-01+j1.66867973168359828851e-01
  -1.81533351409036175506e-01+j1.65520768759719771879e-01
  -1.73054333091441664427e-01+j1.64013155551966993695e-01
  -1.64973912819162876753e-01+j1.62367400999878008783e-01
  -1.57273843706854959956e-01+j1.60603460338329062651e-01
  -1.49936410394243935240e-01+j1.58739196216303973808e-01
  -1.42944478139185843224e-01+j1.56790579922613582120e-01
  -1.36281526563831051346e-01+j1.54771875192788649356e-01
  -1.29931670823695388783e-01+j1.52695805677289242475e-01
  -1.23879672544143046298e-01+j1.50573707192910577479e-01
  -1.18110942501172683228e-01+j1.48415665884964048660e-01
  -1.12611536706958392795e-01+j1.46230643407422394864e-01
  -1.07368147289551699175e-01+j1.44026590189507530670e-01
  -1.02368089324898728365e-01+j1.41810547806408865368e-01
  -9.75992845825131294379e-02+j1.39588741413268130342e-01
  -9.30502429794585056433e-02+j1.37366663139054018261e-01
  -8.87100423963191886401e-02+j1.35149147272736191994e-01
  -8.45683073899995557676e-02+j1.32940438010363037868e-01
  -8.06151872384537337979e-02+j1.30744250469488704214e-01
  -7.68413336686379067064e-02+j1.28563825617697774506e-01
  -7.32378785491511891115e-02+j1.26401979705560885137e-01
  -6.97964117706509207251e-02+j1.24261148741302854259e-01
  -6.65089594887375012977e-02+j1.22143428495113656740e-01
  -6.33679628638812303398e-02+j1.20050610475408978117e-01
  -6.03662573998454549118e-02+j1.17984214277270113569e-01
  -5.74970529548586781199e-02+j1.15945516664781658744e-01
  -5.47539144775514019514e-02+j1.13935577713819208290e-01
  -5.21307435014933678863e-02+j1.11955264309759494612e-01
  -4.96217604175877916028e-02+j1.10005271265513598911e-01
  -4.72214875317237894881e-02+j1.08086140298885233224e-01
  -4.49247329057817848530e-02+j1.06198277084386796809e-01
  -4.27265749726813762188e-02+j1.04341966573102448712e-01
  -4.06223479104222545688e-02+j1.02517386754686135042e-01
  -3.86076277557384772710e-02+j1.00724621018108528858e-01
  -3.66782192346774560399e-02+j9.89636692518857385981e-02
  -3.48301432851525621937e-02+j9.72344578103992718265e-02
  -3.30596252448667263235e-02+j9.55368484600505746274e-02
  -3.13630836770622395404e-02+j9.38706464075532293068e-02
  -2.97371198060450668554e-02+j9.22356075023092331078e-02
  -2.81785075343220399458e-02+j9.06314446955356067814e-02
  -2.66841840133975466420e-02+j8.90578338304883060372e-02
  -2.52512407407198685716e-02+j8.75144188306149206635e-02
  -2.38769151558874577479e-02+j8.60008163457650492978e-02
  -2.25585827100052774274e-02+j8.45166199105421706017e-02
  -2.12937493829449438210e-02+j8.30614036634470948028e-02
  -2.00800446241905794498e-02+j8.16347256705958618239e-02
  -1.89152146939731181929e-02+j8.02361308934350647704e-02
  -1.77971163823721495456e-02+j7.88651538359104176124e-02
  -1.67237110851154655022e-02+j7.75213209030505279173e-02
  -1.56930592158093552835e-02+j7.62041524997192493140e-02
  -1.47033149353712269680e-02+j7.49131648954618617475e-02
  -1.37527211803825863412e-02+j7.36478718787894337527e-02
  -1.28396049730889923179e-02+j7.24077862219370538277e-02
  -1.19623729966757755272e-02+j7.11924209750707387423e-02
  -1.11195074203600408752e-02+j7.00012906070258122959e-02
  -1.03095619597042623128e-02+j6.88339120080094929444e-02
</dep>
<dep S[1,2] frequency>
  +4.17015412300165706338e-04-j3.19583237953611834503e-02
  +1.51070550852986328332e-04-j3.27099273806208054594e-02
  -1.30040321879303885947e-04-j3.34817880190690295161e-02
  -4.27109782582917366610e-04-j3.42745133505241716954e-02
  -7.40974577269775747448e-04-j3.50887294634633778445e-02
  -1.07251832119388827887e-03-j3.59250812917978404326e-02
  -1.42267437973549008834e-03-j3.67842329936901579757e-02
  -1.79242894341476773773e-03-j3.76668683077490754063e-02
  -2.18282431121020938786e-03-j3.85736908812527798385e-02
  -2.59496239746455619607e-03-j3.95054245643135792943e-02
  -3.03000847884460312517e-03-j4.04628136630180712530e-02
  -3.48919519911279618629e-03-j4.14466231436228307872e-02
  -3.97382685084711473333e-03-j4.24576387787761327930e-02
  -4.48528395474994973774e-03-j4.34966672255005792902e-02
  -5.02502815879730165699e-03-j4.45645360232625187269e-02
  -5.59460748122248257425e-03-j4.56620934988654567088e-02
  -6.19566192320508257046e-03-j4.67902085630986647180e-02
  -6.82992947915923506730e-03-j4.79497703820391321661e-02
  -7.49925257468707102265e-03-j4.91416879035886516869e-02
  -8.20558496460755543156e-03-j5.03668892172202120605e-02
  -8.95099912597837991945e-03-j5.16263207219328362774e-02
  -9.73769418372362645375e-03-j5.29209460740625789454e-02
  -1.05680044093645220810e-02-j5.42517448827825460311e-02
  -1.14444083364350149279e-02-j5.56197111168073021759e-02
  -1.23695385394439714977e-02-j5.70258511809150353544e-02
  -1.33461921267510209149e-02-j5.84711816153294441922e-02
  -1.43773420014197440830e-02-j5.99567263647083417699e-02
  -1.54661489480357079718e-02-j6.14835135562866313963e-02
  -1.66159746075847693236e-02-j6.30525717185959483357e-02
  -1.78303954068030241775e-02-j6.46649253629157788614e-02
  -1.91132175128747826276e-02-j6.63215898390848573873e-02
  -2.04684928889797591867e-02-j6.80235653653404048757e-02
  -2.19005365308829434701e-02-j6.97718301182419509132e-02
  -2.34139449695169032939e-02-j7.15673322532419109443e-02
  -2.50136161291830416697e-02-j7.34109807088754451332e-02
  -2.67047706355516903387e-02-j7.53036346274586210203e-02
  -2.84929746718692936125e-02-j7.72460912023890389211e-02
  -3.03841644855690103111e-02-j7.92390717361654978168e-02
  -3.23846726505234369653e-02-j8.12832056636695471363e-02
  -3.45012561922725669028e-02-j8.33790122616162171498e-02
  -3.67411266842363470886e-02-j8.55268797267906139004e-02
  -3.91119824217968994895e-02-j8.77270412621369982675e-02
  -4.16220427775902679368e-02-j8.99795477602451931887e-02
  -4.42800848346238395958e-02-j9.22842366174965872405e-02
  -4.70954823830986926692e-02-j9.46406961482488956472e-02
  -5.00782473508590564304e-02-j9.70482249959397497152e-02
  -5.32390737148519671562e-02-j9.95057858558565100360e-02
  -5.65893839101422532756e-02-j1.02011952731425506458e-01
  -6.01413777117411826878e-02-j1.04564850840982742630e-01
  -6.39080835101091537798e-02-j1.07162088173802377833e-01
  -6.79034118305962552942e-02-j1.09800677561473894461e-01
  -7.21422108561430991402e-02-j1.12476947982143068994e-01
  -7.66403235966975904248e-02-j1.15186443649588826643e-01
  -8.14146462019103428487e-02-j1.17923809255603057045e-01
  -8.64831867288584493769e-02-j1.20682659532035968519e-01
  -9.18651234450470477455e-02-j1.23455431078189736827e-01
  -9.75808614583643929574e-02-j1.26233214160753975941e-01
  -1.03652086107832858142e-01-j1.29005561939350726908e-01
  -1.10101811106634875359e-01-j1.31760274304736607620e-01
  -1.16954418884992666916e-01-j1.34483153245370828932e-01
  -1.24235689914005145718e-01-j1.37157726391022888324e-01
  -1.31972816978902562912e-01-j1.39764935134005813255e-01
  -1.40194399384019480204e-01-j1.42282783520185640569e-01
  -1.48930410881177172078e-01-j1.44685943962118340744e-01
  -1.58212133684733663452e-01-j1.46945315795530134784e-01
  -1.68072049234303522169e-01-j1.49027532831739112362e-01
  -1.78543674354184084274e-01-j1.50894416424557809009e-01
  -1.89661329103728154566e-01-j1.52502371265331365668e-01
  -2.01459819889459185172e-01-j1.53801722266812629369e-01
  -2.13974018307077351597e-01-j1.54735992652347192911e-01
  -2.27238312713664791787e-01-j1.55241125928627737851e-01
  -2.41285905753184815037e-01-j1.55244658031239796125e-01
  -2.56147927087285398606e-01-j1.54664850885457727525e-01
  -2.71852326624928530840e-01-j1.53409805263490572891e-01
  -2.88422509929045167709e-01-j1.51376579529227173193e-01
  -3.05875674709531197859e-01-j1.48450352052555689664e-01
  -3.24220806116245541251e-01-j1.44503679143955815478e-01
  -3.43456289935416381187e-01-j1.39395917625009552188e-01
  -3.63567108122549997873e-01-j1.32972901751935379533e-01
  -3.84521592113449162120e-01-j1.25066987955396446974e-01
  -4.06267728172391817676e-01-j1.15497607018310050053e-01
  -4.28729038114980198770e-01-j1.04072490332535919078e-01
  -4.51800100669104309770e-01-j9.05897620518660851019e-02
  -4.75341835857009564759e-01-j7.48411080788839999656e-02
  -4.99176748579240381343e-01-j5.66162398507091130240e-02
  -5.23084417747873176019e-01-j3.57088578282553012477e-02
  -5.46797620506985992961e-01-j1.19242767231252880938e-02
  -5.69999589451425370257e-01+j1.49112087702626284341e-02
  -5.92323000549254463643e-01+j4.49392723119784870400e-02
  -6.13351360130836464890e-01+j7.82570621953956185868e-02
  -6.32623473867971797269e-01+j1.14903752788497140469e-01
  -6.49641608355958966037e-01+j1.54846911482820814854e-01
  -6.63883767699699145481e-01+j1.97969743714328128004e-01
  -6.74820184833559322257e-01+j2.44060531260831298228e-01
  -6.81933672957784065005e-01+j2.92805728595606162834e-01
  -6.84742930865697485565e-01+j3.43788160185718338901e-01
  -6.82827318465696331273e-01+j3.96491511850409150686e-01
  -6.75851119411761902533e-01+j4.50311808419853742969e-01
  -6.63585005494793267466e-01+j5.04575847220243400848e-01
  -6.45922417173873886220e-01+j5.58565702980332701166e-01
  -6.22888932927167515707e-01+j6.11547577511400319850e-01
  -5.94643398306342163551e-01+j6.62802602943623919707e-01
  -5.61470522271155680905e-01+j7.11656866350602768101e-01
  -5.23765658103098608045e-01+j7.57507989022850547478e-01
  -4.82013380740127062030e-01+j7.99846058220111566506e-01
  -4.36762091059306023499e-01+j8.38267476345820106154e-01
  -3.88597128512459089045e-01+j8.72481204521248554506e-01
  -3.38114751389103074253e-01+j9.02307760843391037930e-01
  -2.85898921127745564430e-01+j9.27672043372043897413e-01
  -2.32502223564714172177e-01+j9.48591498071223560018e-01
  -1.78431606537201775664e-01+j9.65161323509972413071e-01
  -1.24139019833857111585e-01+j9.77538333917367885384e-01
  -7.00165813180597534915e-02+j9.85924860484085119339e-01
  -1.63955911088447849056e-02+j9.90553737463659378371e-01
  +3.64514318576752080481e-02+j9.91675065467719440981e-01
  +8.83065378215877605506e-02+j9.89545120886375473290e-01
  +1.39000738168437776299e-01+j9.84417517305234412994e-01
  +1.88407661636119966309e-01+j9.76536532895195819037e-01
  +2.36436995027995450203e-01+j9.66132394218237600114e-01
  +2.83028090016132882756e-01+j9.53418241066540161910e-01
  +3.28143993870963879278e-01+j9.38588475028220514673e-01
  +3.71766059767946188686e-01+j9.21818202740124825745e-01
  +4.13889213307340131376e-01+j9.03263511442576327859e-01
  +4.54517894505330477539e-01+j8.83062350336743073775e-01
  +4.93662655610136613671e-01+j8.61335829867753588474e-01
  +5.31337370924900964653e-01+j8.38189788231984089784e-01
  +5.67557001733275168220e-01+j8.13716507751286122208e-01
  +6.02335854216781485526e-01+j7.87996492183930197228e-01
  +6.35686268305169943638e-01+j7.61100239327464178629e-01
  +6.67617678683894322234e-01+j7.33089961708225490433e-01
  +6.98135994205276055879e-01+j7.04021222321171147307e-01
  +7.27243247664727254786e-01+j6.73944462968205204589e-01
  +7.54937473618486842852e-01+j6.42906410440807207785e-01
  +7.81212777206604647162e-01+j6.10951351251449725765e-01
  +8.06059561575056093830e-01+j5.78122269408836042537e-01
  +8.29464885370558624444e-01+j5.44461844336273537159e-01
  +8.51412924913673041516e-01+j5.10013307845397556584e-01
  +8.71885518105776080588e-01+j4.74821160410067999447e-01
  +8.90862768996897980145e-01+j4.38931748077503458560e-01
  +9.08323693360406303476e-01+j4.02393702376224626782e-01
  +9.24246886720825888695e-01+j3.65258246651275320094e-01
  +9.38611197196525526287e-01+j3.27579373441655941068e-01
  +9.51396386373765889921e-01+j2.89413898838427718907e-01
  +9.62583762332944736784e-01+j2.50821401214007755343e-01
  +9.72156769991769031947e-01+j2.11864053255116396857e-01
  +9.80101525181637067696e-01+j1.72606357804005156042e-01
  +9.86407280373424288911e-01+j1.33114799541413419970e-01
  +9.91066811733061325818e-01+j9.34574259482815195010e-02
  +9.94076719204296965771e-01+j5.37033721827855636821e-02
  +9.95437633550919187542e-01+j1.39223454293498794671e-02
  +9.95154326687713419730e-01-j2.58159151424290703170e-02
  +9.93235724116260487726e-01-j6.54421864722594254227e-02
  +9.89694820777881067997e-01-j1.04888301626400184952e-01
  +9.84548504054080342307e-01-j1.44087666216583670797e-01
  +9.77817289903829878206e-01-j1.82975736690904527970e-01
  +9.69524980150354376285e-01-j2.21490447295124931459e-01
  +9.59698250659466123302e-01-j2.59572574108456466391e-01
  +9.48366181541665520527e-01-j2.97166026366174618190e-01
  +9.35559741540338940524e-01-j3.34218057212351038476e-01
  +9.21311239435906093043e-01-j3.70679387996395715010e-01
  +9.05653755619894917928e-01-j4.06504242158425177500e-01
  +8.88620567011771278487e-01-j4.41650286569669758840e-01
  +8.70244578258116185943e-01-j4.76078479849000424373e-01
  +8.50557771734267387131e-01-j5.09752828622863529695e-01
  +8.29590688336287129800e-01-j5.42640053911127129282e-01
  +8.07371950483878886295e-01-j5.74709170802018776136e-01
  +7.83927838229036777484e-01-j6.05930985341759043017e-01
  +7.59281928953836171559e-01-j6.36277513144996031969e-01
  +7.33454810909449861356e-01-j6.65721324685404458599e-01
  +7.06463880849479086699e-01-j6.94234822625776182292e-01
  +6.78323236285704567194e-01-j7.21789456982711241650e-01
  +6.49043673462641024230e-01-j7.48354884501098660543e-01
  +6.18632803009903864400e-01-j7.73898079458815613130e-01
  +5.87095296359946949849e-01-j7.98382404370735709875e-01
  +5.54433277351831010904e-01-j8.21766650861712300014e-01
  +5.20646874877461973696e-01-j8.44004063491022082921e-01
  +4.85734953808818203935e-01-j8.65041362698493299099e-01
  +4.49696042558016928492e-01-j8.84817787464523108909e-01
  +4.12529476169255115980e-01-j9.03264183871621106903e-01
  +3.74236773442660708433e-01-j9.20302172622335379337e-01
  +3.34823264758941252506e-01-j9.35843436735484757172e-01
  +2.94299983425358180344e-01-j9.49789180022004519977e-01
  +2.52685826809830371698e-01-j9.62029817279789312146e-01
  +2.10009983514176767905e-01-j9.72444967955046424279e-01
  +1.66314608578441075482e-01-j9.80903835498471821097e-01
  +1.21657709497794336295e-01-j9.87266063616886180299e-01
  +7.61161811690087564131e-02-j9.91383166455966136077e-01
  +2.97888976679484412946e-02-j9.93100630347110824303e-01
  -1.72002664570562284474e-02-j9.92260777575453167820e-01
  -6.46996514180535609029e-02-j9.88706464856268008035e-01
  -1.12527469511832109439e-01-j9.82285658022648333620e-01
  -1.60470146247841283227e-01-j9.72856877485597015820e-01
  -2.08281614069455500715e-01-j9.60295445115016077509e-01
  -2.55683838455079137653e-01-j9.44500383032992663068e-01
  -3.02368843381532137471e-01-j9.25401721922044173674e-01
  -3.48002459188867907525e-01-j9.02967877824365161565e-01
  -3.92229935420487119124e-01-j8.77212662793212194501e-01
  -4.34683442688303778301e-01-j8.48201420204740985653e-01
  -4.74991335207511022887e-01-j8.16055735968150841586e-01
  -5.12788870563299692407e-01-j7.80956187590304384827e-01
  -5.47729903882547497496e-01-j7.43142665435697402643e-01
  -5.79498913892989020447e-01-j7.02911938485678455812e-01
  -6.07822604604018490448e-01-j6.60612334038313209206e-01
  -6.32480282146907102359e-01-j6.16635639258366952120e-01
  -6.53312247256847444810e-01-j5.71406584392852190390e-01
  -6.70225573034656574301e-01-j5.25370498973073418725e-01
  -6.83196843383377716563e-01-j4.78979909804801484707e-01
  -6.92271684666751707660e-01-j4.32680946399789101431e-01
  -6.97561197253705467247e-01-j3.86900421777457259598e-01
  -6.99235647685113925753e-01-j3.42034365859309241742e-01
  -6.97515983833268515824e-01-j2.98438621453059327315e-01
  -6.92663862684401165914e-01-j2.56421896447308950151e-01
  -6.84970924896247002067e-01-j2.16241432563390983956e-01
  -6.74748017142129064005e-01-j1.78101231588437797226e-01
  -6.62314968083316690795e-01-j1.42152598534552004894e-01
  -6.47991388296601633634e-01-j1.08496632141043380937e-01
  -6.32088811573753850404e-01-j7.71882210066945906313e-02
  -6.14904344981367367851e-01-j4.82410843278774578713e-02
  -5.96715863048030037419e-01-j2.16334198171183808568e-02
  -5.77778676500844134978e-01+j2.68622484456538211661e-03
  -5.58323531507035064614e-01+j2.47931696490132531807e-02
  -5.38555750314252845712e-01+j4.47811446550952022005e-02
  -5.18655304498389480017e-01+j6.27573185241957487435e-02
  -4.98777612196887654150e-01+j7.88379087458619398632e-02
  -4.79054864888253217892e-01+j9.31444147673884531580e-02
  -4.59597712116649737002e-01+j1.05800473359481020386e-01
  -4.40497159624886391871e-01+j1.16929305573736028179e-01
  -4.21826564308340035137e-01+j1.26651705121150648381e-01
  -4.03643635944126666359e-01+j1.35084507039211293433e-01
  -3.85992379394876516940e-01+j1.42339471153439173223e-01
  -3.68904931250942369481e-01+j1.48522515251003850434e-01
  -3.52403261483978103019e-01+j1.53733236505026238383e-01
  -3.36500723801126055967e-01+j1.58064665255532837973e-01
  -3.21203448368235389143e-01+j1.61603201807177521143e-01
  -3.06511577865152651245e-01+j1.64428693750533566620e-01
  -2.92420352916331172111e-01+j1.66614617983800950007e-01
  -2.78921056257384780697e-01+j1.68228337810696265686e-01
  -2.66001826953011111243e-01+j1.69331411056102498769e-01
  -2.53648356918136919091e-01+j1.69979930005894286360e-01
  -2.41844482194428278543e-01+j1.70224878137046092830e-01
  -2.30572681124257022889e-01+j1.70112492095277012538e-01
  -2.19814490919485905351e-01+j1.69684620259588109237e-01
  -2.09550853275660753372e-01+j1.68979071576688566481e-01
  -1.99762398730949392034e-01+j1.68029950226986773965e-01
  -1.90429678483556602542e-01+j1.66867973168359828851e-01
  -1.81533351409036147750e-01+j1.65520768759719855145e-01
  -1.73054333091441636672e-01+j1.64013155551966993695e-01
  -1.64973912819163015531e-01+j1.62367400999878064294e-01
  -1.57273843706854959956e-01+j1.60603460338329062651e-01
  -1.49936410394243796462e-01+j1.58739196216303918296e-01
  -1.42944478139185787713e-01+j1.56790579922613554364e-01
  -1.36281526563831051346e-01+j1.54771875192788649356e-01
  -1.29931670823695444295e-01+j1.52695805677289242475e-01
  -1.23879672544143018542e-01+j1.50573707192910549724e-01
  -1.18110942501172738739e-01+j1.48415665884964020904e-01
  -1.12611536706958351162e-01+j1.46230643407422367108e-01
  -1.07368147289551837953e-01+j1.44026590189507697204e-01
  -1.02368089324898645098e-01+j1.41810547806408754345e-01
  -9.75992845825131294379e-02+j1.39588741413268158098e-01
  -9.30502429794585750322e-02+j1.37366663139053990506e-01
  -8.87100423963192580290e-02+j1.35149147272736191994e-01
  -8.45683073899995557676e-02+j1.32940438010363037868e-01
  -8.06151872384537337979e-02+j1.30744250469488648703e-01
  -7.68413336686378095619e-02+j1.28563825617697691239e-01
  -7.32378785491511891115e-02+j1.26401979705560885137e-01
  -6.97964117706508929695e-02+j1.24261148741302854259e-01
  -6.65089594887374596643e-02+j1.22143428495113642862e-01
  -6.33679628638812303398e-02+j1.20050610475408978117e-01
  -6.03662573998454896063e-02+j1.17984214277270141324e-01
  -5.74970529548587266921e-02+j1.15945516664781700378e-01
  -5.47539144775514158292e-02+j1.13935577713819208290e-01
  -5.21307435014934442141e-02+j1.11955264309759619512e-01
  -4.96217604175878124195e-02+j1.10005271265513668300e-01
  -4.72214875317238241825e-02+j1.08086140298885274857e-01
  -4.49247329057817848530e-02+j1.06198277084386796809e-01
  -4.27265749726813762188e-02+j1.04341966573102448712e-01
  -4.06223479104222476299e-02+j1.02517386754686135042e-01
  -3.86076277557385189043e-02+j1.00724621018108570492e-01
  -3.66782192346774837954e-02+j9.89636692518858079870e-02
  -3.48301432851524928047e-02+j9.72344578103992301932e-02
  -3.30596252448666916290e-02+j9.55368484600505468718e-02
  -3.13630836770622187237e-02+j9.38706464075532570623e-02
  -2.97371198060450599165e-02+j9.22356075023092469856e-02
  -2.81785075343220538235e-02+j9.06314446955356622926e-02
  -2.66841840133975570504e-02+j8.90578338304883199150e-02
  -2.52512407407198685716e-02+j8.75144188306149206635e-02
  -2.38769151558874612173e-02+j8.60008163457650492978e-02
  -2.25585827100053017136e-02+j8.45166199105421844795e-02
  -2.12937493829449438210e-02+j8.30614036634470948028e-02
  -2.00800446241905447553e-02+j8.16347256705958340683e-02
  -1.89152146939731181929e-02+j8.02361308934350647704e-02
  -1.77971163823721183206e-02+j7.88651538359104176124e-02
  -1.67237110851154793800e-02+j7.75213209030505417951e-02
  -1.56930592158093761002e-02+j7.62041524997192631918e-02
  -1.47033149353712269680e-02+j7.49131648954618617475e-02
  -1.37527211803826002190e-02+j7.36478718787894059972e-02
  -1.28396049730889801749e-02+j7.24077862219370121943e-02
  -1.19623729966758136911e-02+j7.11924209750707526201e-02
  -1.11195074203599975071e-02+j7.00012906070257845403e-02
  -1.03095619597042935378e-02+j6.88339120080095206999e-02
</dep>
<dep S[1,1] frequency>
  -9.98377596300123348882e-01-j1.56106169778908853568e-02
  -9.98441172805904608722e-01-j7.20886620848829560992e-03
  -9.98432455901899995609e-01+j1.26532113049279866523e-03
  -9.98349501455595977895e-01+j9.81300907311947155642e-03
  -9.98190289631676330728e-01+j1.84352834896416087340e-02
  -9.97952721149832577829e-01+j2.71332522769386838557e-02
  -9.97634613324144825519e-01+j3.59080455100672241153e-02
  -9.97233695869497616115e-01+j4.47608155487549189133e-02
  -9.96747606459429169590e-01+j5.36927370918480403872e-02
  -9.96173886018673293563e-01+j6.27050071719940232962e-02
  -9.95509973732403463664e-01+j7.17988450816985090963e-02
  -9.94753201752867854957e-01+j8.09754922209686006651e-02
  -9.93900789582664923039e-01+j9.02362118553710762514e-02
  -9.92949838112363036835e-01+j9.95822887720818061830e-02
  -9.91897323288504662031e-01+j1.09015028819859985387e-01
  -9.90740089386262234861e-01+j1.18535758317186226685e-01
  -9.89474841859055209703e-01+j1.28145823310780393456e-01
  -9.88098139735399172423e-01+j1.37846588664557179182e-01
  -9.86606387531039241701e-01+j1.47639436956501335363e-01
  -9.84995826642003025064e-01+j1.57525767158203322538e-01
  -9.83262526181698404137e-01+j1.67506993068533116542e-01
  -9.81402373222411972264e-01+j1.77584541469395007507e-01
  -9.79411062398674481244e-01+j1.87759849967390424208e-01
  -9.77284084826812837754e-01+j1.98034364480706798206e-01
  -9.75016716291724039323e-01+j2.08409536325274868940e-01
  -9.72604004648362274743e-01+j2.18886818848397390891e-01
  -9.70040756381727820035e-01+j2.29467663551491063423e-01
  -9.67321522265193634027e-01+j2.40153515635916164905e-01
  -9.64440582052924599843e-01+j2.50945808897485300726e-01
  -9.61391928137805606980e-01+j2.61845959885524781630e-01
  -9.58169248101870429934e-01+j2.72855361231411741585e-01
  -9.54765906081600279620e-01+j2.83975374039155792349e-01
  -9.51174922865863137211e-01+j2.95207319216432562126e-01
  -9.47388954639497016252e-01+j3.06552467608521672648e-01
  -9.43400270281014807772e-01+j3.18012028779475597329e-01
  -9.39200727118398304150e-01+j3.29587138264161860768e-01
  -9.34781745042871703433e-01+j3.41278843091398109699e-01
  -9.30134278876894260435e-01+j3.53088085351859259919e-01
  -9.25248788889762141530e-01+j3.65015683554032577263e-01
  -9.20115209352275420507e-01+j3.77062311477270872828e-01
  -9.14722915021591420626e-01+j3.89228474191790907444e-01
  -9.09060685448685013021e-01+j4.01514480871186574262e-01
  -9.03116667004818518549e-01+j4.13920413972579559481e-01
  -8.96878332530462674121e-01+j4.26446094302288247757e-01
  -8.90332438521346913873e-01+j4.39091041420091532377e-01
  -8.83464979782741299807e-01+j4.51854428761595372510e-01
  -8.76261141506228469211e-01+j4.64735032774905354458e-01
  -8.68705248754716663484e-01+j4.77731175273861996544e-01
  -8.60780713383465623245e-01+j4.90840658103910754129e-01
  -8.52469978480187018377e-01+j5.04060689097166281236e-01
  -8.43754460478812973179e-01+j5.17387798159268386122e-01
  -8.34614489193566733150e-01+j5.30817742180536789043e-01
  -8.25029246137035987552e-01+j5.44345397296949085053e-01
  -8.14976701634281375242e-01+j5.57964636841322469962e-01
  -8.04433551431275373211e-01+j5.71668193121422474334e-01
  -7.93375153729242277301e-01+j5.85447500939277110099e-01
  -7.81775467867003692746e-01+j5.99292520525672167686e-01
  -7.69606996233313744860e-01+j6.13191537307981482385e-01
  -7.56840731436029368062e-01+j6.27130935661401545111e-01
  -7.43446111301478640421e-01+j6.41094943520496340916e-01
  -7.29390984946823972557e-01+j6.55065344458899301294e-01
  -7.14641593984179368526e-01+j6.69021153594845707779e-01
  -6.99162573904999917751e-01+j6.82938253469876466184e-01
  -6.82916981887963125963e-01+j6.96788985906027669159e-01
  -6.65866358706417194036e-01+j7.10541695813794005332e-01
  -6.47970834118659855250e-01+j7.24160223052484508521e-01
  -6.29189287141725839270e-01+j7.37603338808577091434e-01
  -6.09479574970146487090e-01+j7.50824123651032793170e-01
  -5.88798847031164251931e-01+j7.63769285567793887459e-01
  -5.67103963777706776561e-01+j7.76378418042090512330e-01
  -5.44352043296321475019e-01+j7.88583200787536853227e-01
  -5.20501162593008825930e-01+j8.00306549371156417116e-01
  -4.95511244400570038948e-01+j8.11461724905970460675e-01
  -4.69345164319809771136e-01+j8.21951421633602574701e-01
  -4.41970116733636175788e-01+j8.31666858927388785716e-01
  -4.13359280714054810879e-01+j8.40486915438803272593e-01
  -3.83493828351089249828e-01+j8.48277357180492574962e-01
  -3.52365316557149643728e-01+j8.54890228606905000497e-01
  -3.19978498086150531243e-01+j8.60163496359057755392e-01
  -2.86354576514748215832e-01+j8.63921059091291465570e-01
  -2.51534911133409311290e-01+j8.65973262963143031179e-01
  -2.15585148635528245364e-01+j8.66118089407033719951e-01
  -1.78599716587020673764e-01+j8.64143206969696597852e-01
  -1.40706556560642542797e-01+j8.59829098158017446352e-01
  -1.02071901043913781937e-01+j8.52953479262991698384e-01
  -6.29048080863853775746e-02+j8.43297218093512990222e-01
  -2.34610644858298245108e-02+j8.30651911702868783749e-01
  +1.59540400350093036774e-02+j8.14829202950099862335e-01
  +5.49846649783111429688e-02+j7.95671781425718926961e-01
  +9.32257654964680493315e-02+j7.73065825008721230205e-01
  +1.30227515576524649488e-01+j7.46954395012506044971e-01
  +1.65503418131914242784e-01+j7.17351014799082031814e-01
  +1.98542523914113089312e-01+j6.84352369573647423273e-01
  +2.28825858463710812840e-01+j6.48148812490382697504e-01
  +2.55846701954428323855e-01+j6.09031212691731549391e-01
  +2.79133815159926690352e-01+j5.67392702869081722028e-01
  +2.98276127292738668650e-01+j5.23724133789104429049e-01
  +3.12946902070699639609e-01+j4.78602544196929657883e-01
  +3.22925096108863163291e-01+j4.32672677323287457885e-01
  +3.28111623475744185185e-01+j3.86622429264233957724e-01
  +3.28538598579119711651e-01+j3.41153956865739849125e-01
  +3.24370327790720613947e-01+j2.96952837443982542442e-01
  +3.15895756968605112558e-01+j2.54658013761617285642e-01
  +3.03513091834528458968e-01+j2.14835192397543450760e-01
  +2.87708202805247004186e-01+j1.77955899230886283036e-01
  +2.69029044686012297483e-01+j1.44383628803345542835e-01
  +2.48058572666066290413e-01+j1.14367612448750211041e-01
  +2.25388514110699600401e-01+j8.80438469290071301643e-02
  +2.01595933012585271094e-01+j6.54423157059508264766e-02
  +1.77223920693096226309e-01+j4.64988849394003811444e-02
  +1.52767093172897161502e-01+j3.10701848452015205737e-02
  +1.28661982552734532881e-01+j1.89498573566657391165e-02
  +1.05281947966174516118e-01+j9.88479280109957718359e-03
  +8.29359301602100584816e-02+j3.59031166657660522068e-03
  +6.18702266748556439779e-02-j2.36398336967175159984e-04
  +4.22724438523686130154e-02-j1.90495634914908396063e-03
  +2.42768499726543351969e-02-j1.72267710229634385399e-03
  +7.97047354932478580025e-03+j1.24137578115246505206e-05
  -6.60056859271229701136e-03+j3.01664903502890657805e-03
  -1.94248895590560799462e-02+j7.02415063617611856728e-03
  -3.05200487249824847780e-02+j1.17889194369048544431e-02
  -3.99273152297796585231e-02+j1.70858732720065020771e-02
  -4.77070482012407204309e-02+j2.27110944223185562407e-02
  -5.39347055369378547418e-02+j2.84815110572803620315e-02
  -5.86974539225628699768e-02+j3.42341973028875701246e-02
  -6.20913285201298847937e-02+j3.98254381353512210140e-02
  -6.42188777983891401213e-02+j4.51296705532641118097e-02
  -6.51872241346731773337e-02+j5.00383825690555728016e-02
  -6.51064715040247793398e-02+j5.44590267468605393475e-02
  -6.40883957889387123608e-02+j5.83139850489617916907e-02
  -6.22453595204157522636e-02+j6.15396061194610766165e-02
  -5.96894001625704329062e-02+j6.40853242108520015918e-02
  -5.65314486822844075586e-02+j6.59128601222122023628e-02
  -5.28806426573277810199e-02+j6.69954981958680306775e-02
  -4.88437053027317436005e-02+j6.73174291200058227957e-02
  -4.45243683874598228378e-02+j6.68731456000946078433e-02
  -4.00228229973178528667e-02+j6.56668765637981044492e-02
  -3.54351874455662296803e-02+j6.37120451920620833874e-02
  -3.08529863321902464435e-02+j6.10307365177940042145e-02
  -2.63626388074755801938e-02+j5.76531614384787061134e-02
  -2.20449575090797544874e-02+j5.36171056136552914850e-02
  -1.79746624172018032439e-02+j4.89673537445762252496e-02
  -1.42199160123596124450e-02+j4.37550820527152772854e-02
  -1.08418876295437449642e-02+j3.80372142825443071423e-02
  -7.89435579224440076018e-03+j3.18757391487692331999e-02
  -5.42335759970946629238e-03+j2.53369897270774580011e-02
  -3.46689396402100058481e-03+j1.84908877493676626624e-02
  -2.05469869780960934236e-03+j1.14101580128640883727e-02
  -1.20807820289836609362e-03+j4.16952005914654477703e-03
  -9.39826884259309380809e-04-j3.15513415255095144851e-03
  -1.25422150555132283500e-03-j1.04875667230448083034e-02
  -2.14709561554826677821e-03-j1.77520139352418393486e-02
  -3.60599301737873911833e-03-j2.48739893577819420889e-02
  -5.61039713395472539048e-03-j3.17810596019657831679e-02
  -8.13203114698479723188e-03-j3.84035832004287480679e-02
  -1.11352220470168905564e-02-j4.46754042851972843486e-02
  -1.45773203064673007034e-02-j5.05344942983674272341e-02
  -1.84091658377539824087e-02-j5.59235367897746860066e-02
  -2.25755902643222094994e-02-j6.07904523552236786266e-02
  -2.70159453345587552420e-02-j6.50888628543053737729e-02
  -3.16646475476248800973e-02-j6.87784961297878139064e-02
  -3.64517297204076662354e-02-j7.18255344471765977410e-02
  -4.13033912755646492876e-02-j7.42029117099735069374e-02
  -4.61425404322932664058e-02-j7.58905661203019832328e-02
  -5.08893231874832374650e-02-j7.68756562953853972431e-02
  -5.54616359373732437099e-02-j7.71527498783185494702e-02
  -5.97756207611908618738e-02-j7.67239943668518442621e-02
  -6.37461447254180912925e-02-j7.55992802030042154726e-02
  -6.72872670315858567580e-02-j7.37964060993397952259e-02
  -7.03127003887215329403e-02-j7.13412561028906599958e-02
  -7.27362756141942956578e-02-j6.82679969891432092410e-02
  -7.44724211250474138479e-02-j6.46193031993644861899e-02
  -7.54366716433353540205e-02-j6.04466146361103406903e-02
  -7.55462230603456130762e-02-j5.58104301483780540494e-02
  -7.47205529235863419313e-02-j5.07806363868158472386e-02
  -7.28821283352675541867e-02-j4.54368677920659047587e-02
  -6.99572250468416811930e-02-j3.98688886829591249139e-02
  -6.58768830106918890088e-02-j3.41769826213479399613e-02
  -6.05780243430240616931e-02-j2.84723273399007936746e-02
  -5.40047592120814212713e-02-j2.28773254552834259812e-02
  -4.61099031423275462771e-02-j1.75258519410358415413e-02
  -3.68567250631355314283e-02-j1.25633689985640284448e-02
  -2.62209384737366324458e-02-j8.14684779911417633613e-03
  -1.41929376129562578868e-02-j4.44442506147502136571e-03
  -7.80265756868958604286e-04-j1.63471137188453408129e-03
  +1.39897169695236689435e-02+j9.43412823363187769132e-05
  +3.00670240734552951523e-02+j5.47111486729895402092e-04
  +4.73761800093404072953e-02-j4.77380536635485519525e-04
  +6.58134285818523512290e-02-j3.18243018837024993495e-03
  +8.52441758871141930243e-02-j7.76979914680490067747e-03
  +1.05500871199273316137e-01-j1.44350156261673079339e-02
  +1.26381565753938662766e-01-j2.33618273873118648121e-02
  +1.47649416816063028257e-01-j3.47158746031672460486e-02
  +1.69033415736069114743e-01-j4.86377299099786108982e-02
  +1.90230606175250005485e-01-j6.52355459599425202555e-02
  +2.10910014983225146956e-01-j8.45776495303859343622e-02
  +2.30718437955163946373e-01-j1.06685514984352747270e-01
  +2.49288104351296169181e-01-j1.31527624561960820859e-01
  +2.66246091805499851546e-01-j1.59014762687034294508e-01
  +2.81225188290958494353e-01-j1.88997280889989016650e-01
  +2.93875718521655227011e-01-j2.21264797695259307631e-01
  +3.03877692557148360031e-01-j2.55548659986336357264e-01
  +3.10952520691078149184e-01-j2.91527295345792081260e-01
  +3.14873494553254529293e-01-j3.28834346514658093508e-01
  +3.15474275332017883855e-01-j3.67069227317291801871e-01
  +3.12654759200094223281e-01-j4.05809507992045848113e-01
  +3.06383895796116967336e-01-j4.44624360479470237539e-01
  +2.96699292769480482690e-01-j4.83088197452184564540e-01
  +2.83703713510630395334e-01-j5.20793636671491699808e-01
  +2.67558829253382479685e-01-j5.57363013031050291701e-01
  +2.48476788358003297663e-01-j5.92457827935775505068e-01
  +2.26710292829035348072e-01-j6.25785742095727570700e-01
  +2.02541916626131912604e-01-j6.57104951138425152912e-01
  +1.76273367166918076832e-01-j6.86226002909487209358e-01
  +1.48215296231223814249e-01-j7.13011296849052289559e-01
  +1.18678130940901571666e-01-j7.37372634893448952731e-01
  +8.79642425583232190345e-02-j7.59267265510921385285e-01
  +5.63616207980416339396e-02-j7.78692881817097393160e-01
  +2.41390893041967258270e-02-j7.95682011139314360193e-01
  -8.45700701824156353403e-03-j8.10296179639050206944e-01
  -4.12047866157952691335e-02-j8.22620164598918290899e-01
  -7.39076767200100293032e-02-j8.32756570025946052382e-01
  -1.06394328182133346417e-01-j8.40820886963910885115e-01
  -1.38517808136140507802e-01-j8.46937134077386355457e-01
  -1.70154264750249639704e-01-j8.51234119743133232916e-01
  -2.01201235503491115963e-01-j8.53842325009236846611e-01
  -2.31575743373220871435e-01-j8.54891376811143799408e-01
  -2.61212297383046354593e-01-j8.54508061311424427231e-01
  -2.90060887430803826526e-01-j8.52814816271379227963e-01
  -3.18085039582291118077e-01-j8.49928637003304565667e-01
  -3.45259977762159220305e-01-j8.45960330865569987147e-01
  -3.71570921173946355776e-01-j8.41014058884511417347e-01
  -3.97011533673440331071e-01-j8.35187108655193855000e-01
  -4.21582531348698053009e-01-j8.28569849226983068391e-01
  -4.45290447272596368045e-01-j8.21245825526596973098e-01
  -4.68146547320607453457e-01-j8.13291956540459382019e-01
  -4.90165887635173991299e-01-j8.04778807676471252819e-01
  -5.11366502369077657875e-01-j7.95770913289988279793e-01
  -5.31768709408937167993e-01-j7.86327130222528092318e-01
  -5.51394521584409380566e-01-j7.76501007360110406808e-01
  -5.70267151183113552015e-01-j7.66341159707934926892e-01
  -5.88410596239970606902e-01-j7.55891638358713313650e-01
  -6.05849297919948126534e-01-j7.45192290074271235234e-01
  -6.22607859267791163838e-01-j7.34279102077075918054e-01
  -6.38710816586879115420e-01-j7.23184529131520204004e-01
  -6.54182455684239716476e-01-j7.11937801149053473004e-01
  -6.69046666148891855386e-01-j7.00565210435291851887e-01
  -6.83326827695657668116e-01-j6.89090378361972843990e-01
  -6.97045723398356908973e-01-j6.77534501734738281442e-01
  -7.10225475348410850707e-01-j6.65916579476720782438e-01
  -7.22887498910163239785e-01-j6.54253620486826115155e-01
  -7.35052472303988180258e-01-j6.42560833685983157082e-01
  -7.46740318738785657793e-01-j6.30851801354025965018e-01
  -7.57970198741855005764e-01-j6.19138636900395833429e-01
  -7.68760510702821697748e-01-j6.07432128216445210711e-01
  -7.79128897965680633497e-01-j5.95741867735645858062e-01
  -7.89092261074957557199e-01-j5.84076370288153734478e-01
  -7.98666774013901625828e-01-j5.72443179784573707991e-01
  -8.07867903470236847774e-01-j5.60848965704037638602e-01
  -8.16710430332200365555e-01-j5.49299610298476292947e-01
  -8.25208472759113575989e-01-j5.37800287359834983114e-01
  -8.33375510290136900515e-01-j5.26355533332260483448e-01
  -8.41224408554863245513e-01-j5.14969311488582492942e-01
  -8.48767444233762491379e-01-j5.03645069829673941442e-01
  -8.56016329986489798998e-01-j4.92385793308490804510e-01
  -8.62982239124861383317e-01-j4.81194050926620930930e-01
  -8.69675829855845905492e-01-j4.70072038201328867846e-01
  -8.76107268960342966402e-01-j4.59021615454890175023e-01
  -8.82286254806773362347e-01-j4.48044342335272627320e-01
  -8.88222039625911397032e-01-j4.37141508938278855467e-01
  -8.93923450995728674506e-01-j4.26314163865604167647e-01
  -8.99398912503380221217e-01-j4.15563139520635060897e-01
  -9.04656463566049784397e-01-j4.04889074914425162177e-01
  -9.09703778404446050665e-01-j3.94292436227345166611e-01
  -9.14548184171977696089e-01-j3.83773535347754268798e-01
  -9.19196678250204901595e-01-j3.73332546587088920376e-01
  -9.23655944726885946849e-01-j3.62969521750848678199e-01
  -9.27932370077351187376e-01-j3.52684403727353434910e-01
  -9.32032058073225866401e-01-j3.42477038739673167456e-01
  -9.35960843944837139752e-01-j3.32347187392034948417e-01
  -9.39724307825292370921e-01-j3.22294534628612683314e-01
  -9.43327787505165771265e-01-j3.12318698711063824636e-01
  -9.46776390527226063831e-01-j3.02419239310551590805e-01
  -9.50075005650751980291e-01-j2.92595664800415378171e-01
  -9.53228313714772679255e-01-j2.82847438827255215354e-01
  -9.56240797929087782414e-01-j2.73173986230331344860e-01
  -9.59116753621315543121e-01-j2.63574698372392501877e-01
  -9.61860297467402758365e-01-j2.54048937938824992422e-01
  -9.64475376232121872633e-01-j2.44596043256342515759e-01
  -9.66965775045199982252e-01-j2.35215332177447056239e-01
  -9.69335125237596462178e-01-j2.25906105572484749988e-01
  -9.71586911761483151828e-01-j2.16667650466803363152e-01
  -9.73724480216420995582e-01-j2.07499242857147270236e-01
  -9.75751043503170878424e-01-j1.98400150237835859457e-01
  -9.77669688125477720497e-01-j1.89369633864594572037e-01
  -9.79483380159295258238e-01-j1.80406950780979624671e-01
  -9.81194970907753427625e-01-j1.71511355630097422909e-01
  -9.82807202259331269545e-01-j1.62682102272084877503e-01
  -9.84322711765716951149e-01-j1.53918445225827954514e-01
  -9.85744037454964305844e-01-j1.45219640951746609137e-01
</dep>
